14.3 13.4 3.9 7.2 13.9
14.2 11.5 10.35 11.9 0.1
13.65 13.65 13.7 13 13.4
7.6 3.15 8.45 10.5 10.4
14.4 11.85 10.1 9.05 2.95
12.8 6.05 13.7 14.3 3.85
5.9 12.75 9.75 7.6 13.8
13.6 8.95 0.05 13.75 11.4
12.15 13.75 12.05 13.65 3.85
12.35 11.55 12.4 10.3 7.9
14.45 13.25 9.5 11.55 0.9
13.6 11.7 8.6 0.35 13.8
0.15 14.55 12.45 10.95 13.35
9.75 13.8 7.85 12.5 11.65
11.75 7.7 2.6 3.3 8.4
11.95 12.4 12.85 11.35 1.1
12.3 13.5 14.3 8.75 3.65
12.65 8.95 0.95 13.7 11.5
11.5 13.3 4.3 14.35 8.75
12.35 13.9 13.2 13.15 12.25
4.85 7.2 4.3 3.45 7.6
11.5 11.25 12.85 13.75 13.5
6.65 8.15 10.3 13.85 7.65
4.25 11.35 13.25 12.6 13.95
10.3 2.4 11.4 11.85 13.55
14.1 8.75 11.9 1.3 8.3
1.65 10.25 12.1 12.15 1.15
2.7 4.2 14.15 13.75 12.35
12.15 11.85 7.65 11.85 8.3
14.15 13.3 9.5 12.3 10.35
0.55 13.45 8.7 2.85 9.6
2.8 7.55 13.3 11.85 11.95
12.8 12.45 13.35 2.65 0.1
12.6 1.65 13.6 14.25 14.2
14.35 8.95 8.7 7.75 13.25
7.85 0.15 4.15 14.25 14.05
12.8 10.05 8.05 12.25 2.5
3.15 13.4 8.85 13.3 13.45
13.55 9.35 10.35 12.1 2.5
13.4 8.6 14.2 7.7 13.75
9.7 8.5 7.2 13.05 14.25
8.35 13.5 14.2 2.3 13.6
12.05 12.85 5.35 11.85 12.4
9.1 12.4 2.45 10.9 4.95
11.6 14.6 12.3 4.35 9.3
8.55 8.3 13.15 13.55 11.35
1.25 8.7 13.45 7.9 9.55
0.7 2.1 14 11.55 13.5
2.1 12.9 13.65 7.6 12.2
13.95 12.4 13.7 12.45 12.55
13.4 11.45 12.7 10.2 10.2
14.45 0.2 13.3 7.3 9.35
9.2 14.3 12.8 14.05 0.95
10.65 13.95 8 12.3 8.25
2.8 13 11.55 7.9 12.75
9.4 9 5.1 2.6 11.55
5.35 13.35 8.05 2.1 8.95
9.35 9.85 13.7 13.5 5.45
13.7 12.5 2.95 13.55 14.3
9.85 8.9 9.85 3.05 13.85
11.4 0.6 9.05 14.3 8.05
5.05 13 0.9 0.85 14.2
5.4 11.75 13.35 9.6 3.25
14.25 13.1 8.75 11.35 7.7
3.35 3.6 3.7 9.95 12.5
13.4 11.5 4.95 13.7 9.85
7.6 11.35 12.25 13.45 12.7
9.95 13.45 13.7 12.6 8.1
13.7 13.9 13.1 12.15 11.15
7.9 11.75 5.75 2.1 13.45
11.45 11.9 8.6 11.7 3.55
13.2 9.4 1.2 4.65 7.95
14.05 13.9 12.6 7.6 9.65
8.95 8.2 13.8 5.95 8.95
14.2 4.95 8.2 11.4 11.55
11.95 11.85 7.95 13.7 14.7
13.3 13.85 7.7 13.35 11.9
4.5 14.2 11.6 8.4 13.85
8 7.3 12.1 0.15 7.5
6.05 14.65 12.35 13.45 3.15
7.6 11.7 8.35 11.4 13.1
12 10.4 12.15 5.6 4.05
3.35 12.15 2.2 10.3 14.15
13.35 5.3 12.95 14.4 13.15
11.7 9.95 13.15 12.85 12.05
13.75 13.75 9 10.2 12.3
14.2 4.1 13 12.9 1.1
7.9 11.9 7.35 7.9 12.85
8.15 6.45 10.05 14.2 10.95
13.75 0.5 5.75 14.35 11.05
13.6 0.55 11.35 14.25 13.25
8.05 13.4 7.15 7.5 13.3
9.45 10.2 7.6 14.2 11
7.6 7.7 9.95 0.05 13.3
13.1 8.4 11.85 10.65 14.25
10.5 11.85 5.05 3.45 13.05
14.15 12.95 12.2 8.1 2.7
13.65 11.8 12.05 12.85 11.4
1.25 8.95 1.4 12.05 12.7
10.1 10.15 9.75 0.95 11.45
11.7 13.4 7.2 13.15 13.7
12.05 13.3 13.85 13.3 11.4
13.2 14.25 1.4 11.55 12.95
8.1 10.4 13.65 12.2 8.2
10.7 3.15 3.6 13.45 12.25
9.85 8.4 5.1 11 11.8
9.55 13.7 13.25 13.35 14.2
9.2 14.6 12.25 8.1 12.35
14.5 7.6 2.8 13.35 9.8
13.35 12.4 13.95 13.55 7.85
14.25 11.95 6.45 10.95 0.75
6.8 8.15 12.9 4.2 14.25
9.2 14.35 8.2 9.85 14
3.35 8.95 13.35 14.35 2.35
0.25 8.5 11.65 11.4 0.5
0.95 10.05 12.75 9.6 14.25
11.9 9.3 11.55 13.7 11.1
6.3 10.3 9.75 3.5 4.05
13.25 9.3 8.55 7.9 6.35
2.05 12.2 11.45 7.45 0.8
8.5 14.25 14.2 14.35 0.65
6.7 14.3 12.4 14.2 12.05
10.95 7.65 12.05 9.6 13.35
8.4 6.75 13.5 11.15 11.75
11.95 11.65 11.05 8.45 1.75
11.75 13.4 7.4 8.1 13.35
4.35 12.2 2.3 11.5 5.05
11.4 2.45 11 13.25 10.15
12.55 9.7 8.65 12.3 5.8
8.35 5.55 9.15 12.1 10
13.4 9.35 11.75 6.5 12.5
13 13.75 13.55 12.25 12.5
11.35 7.95 14.3 13.85 14.2
13.15 13.45 8.85 12.3 6.65
11.8 13.1 11.7 8.5 11.5
7.9 14.2 14.25 11.4 4.9
3.45 14.5 11.15 13.3 13.45
14.7 1.5 11.95 14.3 1.5
14.15 8.75 2.05 8.1 11.9
12.3 11.6 13.25 13.4 12.55
14.15 12.1 14.25 13.55 13.4
10 12.05 13.9 8.7 2.4
8.2 14.15 11.5 11.2 14.2
13.55 9.7 13.55 10.6 4.85
6 14.25 1.5 8.4 11.35
11.5 11.35 13.3 3.35 1.65
5.25 12.85 7.6 13.65 2.85
12.8 2.8 13.95 9.55 13.3
8.55 14.25 9.1 0.3 13.05
14.35 13.05 0.4 11.75 13.85
9.9 10.05 12.95 9.15 2.15
13.6 6.45 13.55 12.45 2.55
8.4 6.5 8.1 12.55 2.3
3.1 13.95 7.95 13.2 10.1
3.75 11.2 2 13.85 14.05
7.85 13.3 0.65 14.65 11.8
14.05 1.75 13.7 13.65 8.2
14.35 12.45 12.6 11.2 11.5
5.6 12.5 11.55 13.25 8.1
12.3 13.6 14 12.3 14.05
14 6.2 12.25 13.4 13.15
10.75 14.2 8.1 14 9.6
7.6 13.45 13.5 10.25 13.6
10.85 12.65 13.3 5.15 2.35
14.2 9.75 4.2 9.9 13.25
11.95 14.25 14.05 4.95 11.8
11.85 11.35 8.95 14.3 3.15
12.65 12.25 7.25 10.25 12.4
12.8 12.8 6.65 6.2 6.9
10.45 11.95 13.3 10.85 13.1
0.65 11.8 11.6 14.25 13.15
3.25 8.6 11.75 13.45 14.25
2.25 5.2 12.05 10.25 13.95
12.85 13.9 11.9 12.55 0.2
9.75 8.9 11.65 13.75 10.65
10.65 6.8 14.4 10.25 13.45
14 0.85 0.3 10.3 13.1
8.1 10.5 9.7 13.25 11.8
9 14.25 11.8 11.45 8.6
14.65 12.3 6.05 13.95 14.15
8.1 10.35 7.85 9.8 1.9
11.9 2.9 11.55 14.2 13.45
8.65 2.45 13.35 9.1 3.55
3.6 13.45 8.5 12.05 9
13.3 11.1 10.2 12.4 6.55
13.9 1.55 13.7 6.15 8.15
14.3 7.6 5.85 10.5 12.7
11.35 12.75 7.4 13.9 9.4
4.1 11 11.8 10.85 14.5
9.15 12.05 14.2 13.05 8.55
13.25 1.25 11.9 11.8 0.05
14 12.85 8.65 11.7 10.05
11.4 13.6 13 1.25 10.65
12.25 11.4 13.15 13.6 8.7
9.85 13.3 9.2 13.45 13.3
14.1 8.7 9.4 2.6 5.5
11.7 1.65 7.55 8.5 2.05
11.55 13.35 9.5 5.9 12.75
10.5 12.4 14.6 12.3 9.6
9 12.9 13.65 11.7 13.5
10.05 0.25 4.1 11.15 10.35
8.65 8.45 9.9 13.25 10.35
14.35 14.25 2.1 13.9 12.15
14.05 14.25 9.4 9.7 10
10 13.9 13.45 2.95 11.15
8.1 12.25 13.35 10.75 3.2
13.4 10.1 12.3 14.05 11.8
8.6 10.55 13 14.25 11.95
8.55 0.35 11.7 12.9 12.55
3.8 8.55 8.15 12.1 12.7
8.5 11.75 11.65 9.6 6.3
4.9 14.05 12.45 9.1 13.35
13.25 11.5 10.35 13.1 14.35
11.35 9.5 10.05 9.9 1.1
12.6 10.65 10.5 2.15 11.65
8.6 13.55 11.35 6.45 13.4
13.4 4.6 13.55 8.25 11.65
13.5 11.55 13.1 14.3 14.65
7.9 8.25 9.7 13.7 14.1
8.35 7.45 14.2 8.4 10.5
13.5 12.35 12.8 9.75 14.55
11.8 13.35 5.7 13.6 13.1
14.2 1.5 7.75 4.05 9.75
3.65 13.4 11.5 7.75 6.45
12.65 14.2 11.15 12.2 11.8
14 14.05 7.65 8.25 13.5
13.1 6.65 11.35 5.7 12.8
1.75 13.7 1.5 9.65 7.1
9.6 13.35 1.8 3.55 7.4
12.5 11.5 11.7 5.55 6.95
11.8 9.6 7.3 14 13.9
13.3 3.45 14.35 0.7 10
7.8 13.75 14.2 2 14.4
13.45 4 11.45 11 2.75
0.35 2.35 9.85 9.8 7.4
4.5 1.65 11.65 4.95 8.45
13.55 0.95 1.55 9.15 8.5
4.05 12.3 12.2 10.45 8.2
13.25 12.1 10 11.15 2.1
13.7 13.35 8.45 12.6 7.8
8.45 13.5 12.85 11.95 8.55
8.15 9.4 11.5 14.25 12.5
13 14.05 5.8 14.3 7.45
9.15 6.45 10.35 9.9 0.15
7.55 14.55 7.45 13.3 5.35
8.55 12 2.4 11.85 11.55
13.75 13.65 4 11.5 8.2
10.8 13.3 12.45 13.55 7.6
11.5 1.2 13.55 11.95 10.95
7.15 5.95 3.4 10.8 12.9
8.8 11.95 13.35 14.7 14
11.85 11.6 13.55 9.35 13.4
14.25 13.25 13.55 9.8 8.85
13.95 13.75 10.15 14.4 14.4
14.4 1.1 9.15 12.4 13.1
12.8 13.3 12.75 13.45 13.55
4.65 2.6 4.1 9.25 13.35
13 6.7 13.9 11.9 10.25
1.45 2.6 9.8 12.55 8.75
9.2 10.4 9.3 12.1 12.6
12.2 0.95 11.45 1.45 5.2
13.35 12.05 6.2 3.2 9.75
11.3 12.7 14.4 13.7 10.75
0.55 13.25 11.7 13.35 12.1
12.95 9 2.45 13.3 12.55
1.45 12.65 9.4 13.7 5.75
9.7 11.6 14.65 13.4 13.9
12.65 9.6 8.35 13.6 10.85
4.6 12.2 10.85 14.1 9.55
13.05 4.95 0.8 11.4 13.8
3.45 13.7 13.85 11.6 13.25
10.85 8.05 11.85 8.2 8.75
11.45 4.8 8.1 6.85 8.75
9.6 10.45 14.25 13.4 13.8
9.7 9.7 11.4 13.9 12.1
13.1 14.3 11.55 11.55 10.9
14.2 12.45 12.6 7.2 13.85
13.35 11 13.65 12.25 13.3
13.3 9.15 5.65 11.1 13.05
12.2 13.45 10.9 10.85 13.4
13.9 3.4 12.45 13.75 1.95
12.25 13.75 10.8 12.9 10.65
11.85 8.1 10.6 9.75 10.15
11.75 13.65 1.2 8.05 3
12.6 13.95 1.95 12.85 9.75
12.8 0.6 9.95 1.75 13.6
13.7 0.55 9.2 9.25 14.5
11.9 12.7 12.1 9.3 1.3
9.45 13.25 14.4 12.55 12.05
12.55 11.4 12.15 13.8 13.55
13.25 1.5 13.25 13.15 12.5
12.3 13.55 13.5 8.55 8.2
14.3 7.95 10.8 13.45 8.75
13.35 2.25 1.65 9.75 13.8
12.55 7.7 14.2 13.45 11.8
2.75 10.6 6.75 0.5 1.05
4.45 3.15 11.9 11.65 13.95
6.8 11.45 9.9 8.8 13.35
11.7 13.95 13.85 8 8.7
13.05 9.05 7.8 12.3 3.5
4.35 11.5 11.45 13.85 7.55
13.45 6.15 13.45 5.15 14.2
10.95 6.85 4.35 9 11.5
11 10.8 13.6 11.1 14.2
1.85 3.45 4.85 11.45 10.05
11.85 13.3 9.9 11.45 12.45
13.05 3 12.85 13.5 5.05
11.65 7.55 11.5 13.55 13.35
1.1 14.4 10.25 3.1 12.25
11.15 11.5 7.15 4.7 14.4
13.3 13.5 9.9 2.7 13.3
1.2 13.7 13.35 12.15 14.35
8.3 1.05 8.3 14.55 9.4
12.4 14.4 9.75 8.55 10.2
14.15 14.25 5.8 11.55 7.6
12.9 8.7 11.75 11.7 13.65
13.25 7.2 8.75 11.95 8.35
12.75 12.1 13.7 13.55 8
13.7 11.05 6.55 5.3 12.45
14.65 3.8 13.25 13.5 12.4
13.8 11.5 11 3 12.1
11.6 11.5 8.7 8.2 4.05
7.1 8.15 13.55 5.95 12.2
13.55 8.6 12.65 14.5 13.35
12.65 0.35 13.8 13.1 12.9
9.3 14.3 11.1 14.2 13.4
11.65 8.6 0.4 7.6 14.45
5.25 14.3 13.2 12.55 7.75
12.75 9.85 7.8 9.95 8.2
11.35 13.55 1.35 7.95 10
7.55 9.9 2.2 13.45 11.3
13 1.35 13.65 14.35 13.25
14.55 9.8 8.1 11.45 12.2
11.05 1.45 8.1 0.05 9.8
13.3 14.2 12.4 13 1.25
12.3 11.95 13.6 2.7 14.2
11.75 11.95 11.8 14.2 12.85
10 10.4 14.05 12.3 12.9
10.3 13.5 13.4 8.4 4.65
11.45 6.75 14.15 5.1 5.95
10.15 11.75 12.75 3.3 11.5
8.25 13.85 10.1 10.75 12.4
12.6 11.6 10.55 14.65 12.8
8.5 12.75 14.3 8.7 13.4
13.7 11.5 11.5 11.6 10.15
6.45 12.55 4.8 2.95 10.3
11.95 2.9 1.1 13.5 13.45
12.15 13.9 3.7 12.05 13.25
13.9 13.95 12.75 8.85 5.75
14.25 8.75 11.55 11.4 12.1
4 14.1 12.85 13.8 2.5
11.55 14.25 8.6 9.4 12.65
11.45 13.55 1.2 13.1 7.35
10.85 12.05 9.5 2.65 13.3
6.6 9.85 8.9 12.3 11.6
9.45 14.15 14.35 7.7 11.35
8.55 9.6 13.4 13.65 1.95
13.55 10.75 13.25 10.5 13.85
4.2 12.8 13.7 11.95 12.15
0.05 12.2 8.1 12.3 9.85
12.65 14.2 4.1 13.4 12.9
5.2 8.15 1.15 9.4 12.2
11.75 7.75 10.6 10.45 1.85
11.6 11.65 14.65 6.85 13.4
7.8 9.85 13.65 8.95 11.4
11.35 12.35 13.9 13.5 13.65
1.85 12.9 9.35 11.4 14.2
10.5 6.5 0.55 14.3 11.2
11.8 0.05 11.7 9.55 1.8
13.45 13.9 13.5 9.25 13.35
13.5 11.75 12.05 11.7 12
12.1 8.5 10.6 11.3 12.3
13.5 11.5 12.85 7.6 9.4
3.05 10.05 9.25 14.05 8.9
7.9 13.3 6.5 1.45 7.65
13.7 13.5 11.9 9.4 8.55
10.25 3.7 8.9 13.4 0.25
4.15 6.15 1.6 11.55 11.85
11.5 0.15 11.5 9.3 10.1
8.3 8.45 1.05 14.3 9.35
12.4 7.65 13.75 7.95 10.95
9.7 14.3 10.95 13.4 3.75
14.4 12.55 12.15 8.45 14.25
9.95 13.55 9.2 11.35 11
5.15 9.85 12.6 12.2 0.35
2.7 12.15 0.55 9.1 14.1
12.9 12.45 13.7 10.75 11.75
10.6 13.85 7.4 14.25 12.3
13.35 14 0.85 11.85 10
11.55 12.4 13.8 11.95 1.4
13.45 8.25 13.85 14.3 11.1
12.9 8.1 13.35 13.85 12.8
11.75 11.05 7.8 7.6 0.2
11.35 8.15 7.65 10.65 12.95
8.25 12.5 11.15 14.5 9.9
7.8 12.6 13.25 4.45 14.65
10.75 11.85 13.65 8.9 11.6
11.45 14.2 13.9 7.6 8
12.85 14.25 9.4 11.35 14.5
12.7 8.6 13.35 7.85 10.9
11.95 10.35 9.85 13.5 2.95
6.7 12.65 12.15 4.3 3.6
6.55 11.85 6.2 12.6 13.35
3.25 13.05 7.8 12.25 3.4
12.9 9.5 11.7 10.6 9.1
12.1 13.35 9.3 8.85 4.35
13.5 2.25 5.15 13.25 11.3
7.9 2.65 8.4 6.55 13.25
10.7 13.65 5.1 7.85 12.05
13.4 9.7 14.3 9.9 8.95
12.35 13.45 11.55 14.3 12.05
3.85 5.8 13.25 4.6 13.35
13.5 4.5 3.7 6.45 8.45
13.05 13.75 13.75 1.1 13.7
7.6 11.1 6.85 11.45 13.7
8.25 11.3 14.35 11.15 13.75
12 7.85 13.65 8.4 14.15
9.35 7.6 1.2 9.6 13.1
11.35 13.3 13.9 12 5.05
9.35 13.4 9.95 1.25 12.75
13.3 1.55 14.4 3.6 11.9
9.55 6.7 8.85 10.05 12.3
12.15 13.75 12 11.05 14.4
13.25 1.4 1.4 13.95 14.4
4.25 3.3 0.9 12.3 5.2
13.55 12.95 9.65 13.35 10.65
11.85 2.65 11.4 0.75 13.8
9.05 8.75 12 12.3 10.8
13.55 13.55 8.65 12.05 12.2
4.7 12.4 13.3 11.15 14.45
6.05 14.25 14.25 0.35 7.8
12.2 14 12.5 13.25 10.75
9.95 9 3.5 4.9 3.6
1.4 11.4 11.6 13.55 7.2
8.2 8.2 8.45 12.9 12.1
2 11.85 13.45 11.35 12.65
11.5 10.35 14.3 12.35 14.6
9.8 1.75 14.65 8.35 7.7
11.25 7.35 10.45 8.9 1.15
14.4 10 11.65 7.85 13.95
14.35 7.95 14.3 1.9 0.4
12.95 7.65 13.7 14.3 12.55
12.8 14.2 2.5 4.25 13.6
13.3 14.25 11.65 13.55 10.1
12.45 7.5 8.95 4.4 11.5
7.55 3.1 10.35 7.7 7.65
13.5 11.65 11.8 7.95 11.6
14.25 11.35 13.6 10.05 13.45
10.2 12.05 13.45 0.65 13.25
14.2 2.8 8.75 14.2 8.9
10.2 12.15 13.65 13.6 9.5
13.35 13.85 14.15 8.8 12.2
9 11.35 13.25 13 11.55
12.5 8.35 8.65 7.95 8.55
7.5 0.9 4.65 13.55 3.2
6.8 1 9.95 11.2 11
12.9 13.55 13.55 2.35 11.9
14.25 12.1 13 4.05 14.25
11.75 7.95 14.55 8.85 14.2
14.15 6.35 12.5 12.7 12.65
13.4 12.45 12.95 11.6 14.5
13.55 12.15 2.2 7.05 11.9
13.7 6.1 5.9 13.9 13.35
13.5 11.8 13.8 13.85 8.6
11.6 14.75 2.7 7.7 13.75
12.35 9.1 14.25 10.35 12.45
7.9 2.85 12.1 3.65 13.7
4.45 0.8 14.3 12.4 13.3
13.75 13.25 1.55 1 3.65
13.8 10.65 13.9 14.25 11.15
13.95 12.6 7.55 13.7 13.3
9.2 11.9 13.5 13.1 6.9
12.6 14.55 12.95 14.05 1.7
11.65 12.85 14.3 3.45 12.45
11.5 7.65 12.1 13.7 11.8
11.95 11.45 8.9 8.85 6.4
13.9 13.95 13.75 2.05 13.4
12.6 10.2 8.4 12.8 13.75
11.25 11.45 13.8 14.4 0.85
12.4 6.9 2.8 0.85 11.15
12.65 1.65 12.25 14.35 5.4
13.2 12.7 3 13.5 13.95
8 13.65 11.7 13.1 9
10.35 0.25 10.1 11.25 11.45
0.2 12.3 0.15 7.55 13.65
14.3 9.55 13.1 12.3 12.05
14.1 6.45 13.85 12.35 6.05
12 13.25 13.45 12.5 8.1
9.55 1.9 1.9 12.45 14.3
8.8 13 11.05 10.35 8.4
5.5 0.05 7.45 13.5 13.45
8.15 13.85 1.45 6.5 13.05
13.4 2.15 5.9 8.3 5.6
14.15 7.55 11.6 12.65 1.7
8.6 12.05 12.25 8 7.7
0.7 12.8 12.4 6.85 11.95
10.15 10.8 10.7 14.35 11.4
9.15 7.9 13.75 13.35 13.85
12.4 6.25 13.9 9.6 13.4
7.65 10.9 14.3 3.25 11.35
11.7 3.35 2.4 4.55 1.8
9.85 0.95 6.25 11.35 14.3
13.45 11.35 11.35 10.1 14.55
11.65 8.3 11.55 13.8 10.15
9.5 10.6 10.7 11.45 1.25
7.3 14.2 1.35 12.1 7.75
8.3 13.85 13.25 3.9 9.65
13.85 11.55 14.1 10.4 10
5.85 13.25 11.35 12.9 12.15
5.1 14.2 0.55 8.2 1.35
11.25 11.15 10.25 14.3 10.45
2.4 7.1 11.45 13.6 14.6
13.85 8.05 11 10.4 13.4
12.9 14.2 14.2 12.6 9.4
7.85 0.45 13.2 11.7 9.5
13.5 10.35 11.8 3.8 8.7
12 6.3 1.45 11.65 13.65
13.25 10.35 12.05 13.85 12.6
9.35 13.25 13.25 5.25 14.4
14.4 12.9 0.3 11.95 3.7
11.55 8.45 13.3 14.65 9.65
12.2 12.9 10.75 10.7 9.4
13.6 11.85 9.8 9.25 12
5.5 11.4 4.15 5.7 12.75
0.35 12.45 12.35 13.5 13
8.3 4.8 3.4 5.95 10.15
9.2 1.45 11.4 13.35 12.3
11.7 6.55 13.25 12.6 13.7
2.85 14.25 12.3 2.05 3.75
2.5 9.65 12 12.45 12.8
13.65 0.65 3.35 14.1 8.05
8.9 12.15 13.9 5.1 13.8
14.25 7.8 13.3 2.1 9.05
13.45 12.7 11.9 13.35 7.15
13.7 9.65 10.55 2.15 11.25
13.45 14.2 14.2 11.05 1.45
11.65 1.65 13.4 9.55 8.65
6.7 11.7 10.9 6.45 12.45
14.6 4.2 9.5 8.6 8.35
12.35 12.1 13.5 11.95 12.75
13.05 8.5 13.5 7.85 11.8
13.9 14.3 9.85 14.05 4.85
11.4 1.05 10.5 11.55 9.3
13.8 8.8 13.35 9.75 12
13.8 8.85 11.6 11.5 8.1
6 12 12.45 12.7 8.15
8.65 12.3 14.7 9.65 10.65
11.75 11.25 1.7 10.6 12.25
11.8 5.15 9.85 8.8 10.4
10.8 2.25 13.5 10.3 8.95
13.05 13.4 11.4 11.65 8.85
8.05 3.15 11.4 9.25 12.5
11.35 13.5 12.9 8.95 5.25
13.4 13.35 11 9.25 10.35
13.95 7.7 8 7.65 11.95
12 0.55 8.45 8.85 9.3
9.4 12.25 7.95 3 12.05
0.3 8.05 5.35 13.1 8.15
14.3 12 8.9 14.05 13.9
2.05 14.2 10.95 3.5 7.25
1.05 14 2.35 10.25 9.4
11.45 3.8 11.7 13.85 12.1
8.25 11.9 12.55 13.5 5.95
12.3 12 4.5 2.65 8.9
12.65 10.3 8.1 8.75 8.05
0.4 11.85 13.4 5.3 7.45
5.3 7.8 14.1 13.5 13.4
3.5 8.6 12 7.65 12.1
11.75 9.5 11.3 13 6.95
14.3 14.35 8.1 13.25 12.5
7.95 3.7 14.2 4.5 9
14.65 4.35 11.4 14.3 11.55
1 11.65 12.9 9.45 4.3
10.75 12.75 11.55 10.05 11.05
9 2.45 13.1 13.6 7.7
13.4 11.95 13.35 14.2 14.2
9.15 13.4 0.45 7.75 11.8
14.2 8.4 7.9 9.9 12.7
0.95 7.65 12.05 12.35 7.4
4.4 10.7 5.2 2 4.05
13.3 6.9 13.75 11.1 4.5
11.5 5.55 7.1 12.85 7.2
9.1 12.15 13.3 9.65 12.7
13.25 11.9 14.65 9.7 14.4
11.6 14.2 13.8 12.85 1.7
11.75 0.8 14.45 3.35 8.7
13.25 13.4 2.45 11.15 13.6
12.9 14.15 8.4 11.55 12.4
13.65 13.8 13.4 11.4 11.3
11.15 9.9 12.5 13.25 2.5
9.6 11.55 0.3 13.95 14.2
12.45 13.65 5.5 13.7 8.4
12 14.15 13.35 2.3 7.9
11.65 7.2 13.9 13.65 11.35
6.6 8.05 13.05 11.75 1
14.15 11.45 12.45 11.4 14.1
2.45 13.35 11.15 9.7 11.35
12.2 13.25 8.2 9.4 13.3
0.3 14.45 10.65 13.45 5.55
11.9 8.05 8.1 12 12.4
12.6 10.35 11.15 2.25 14.55
8.55 10.95 3.15 8.3 12.2
1.7 6.95 14.2 13.35 10.6
6.3 13.65 12.4 10.45 12.75
9.15 7.7 8.3 13.3 1.05
10.9 13.25 12.9 12.95 4.85
7.55 5.7 10.9 12.4 9.25
13.75 13.2 12.95 13.25 2.95
2.8 7.55 13.95 11.75 12.1
10.05 14.15 12.75 8.45 11.9
13.3 14.4 11.7 10.65 14.35
11.15 14.3 11.85 0.35 13.55
6.95 12.55 13.35 8.25 3.45
13.7 5.7 11.8 14.2 13.45
4.15 11.4 13.9 9.4 12.05
8.65 11.45 11.45 12.75 13.05
12.55 11.4 6.95 11.75 6.05
11.65 13.75 14.45 12.7 12.5
9.55 13.4 13.5 6.15 1.5
9.1 2.85 13.75 7.55 9.25
13.15 8.65 8.05 4.7 12.15
13.3 11.55 9 2.15 5.6
7.85 13.45 13.35 14.4 11.85
7.5 13.4 13.7 7.4 11.7
10.35 11.55 12.8 10.65 10.2
8.75 6.35 14.25 10.65 10.65
11.3 12.9 13.5 7.3 11.95
12.35 10.45 4.45 13.3 12.15
5 13.25 13.35 12.75 14.2
11.45 1.7 12.25 2.95 13.85
12 13.5 11.1 6.3 14.25
8.65 10.85
