13.06113 14.0791 14.13653 7.424765 3.38869
6.597162 13.18785 7.847758 14.19555 9.580162
8.970074 0.3225252 12.21502 14.14438 12.19922
0.4870616 8.232794 8.448999 3.528537 9.186988
6.27777 13.85304 14.13402 12.31869 12.55289
12.75673 14.11854 7.242919 7.925962 6.915056
14.16981 0.6167552 9.848037 9.008631 12.88485
1.436568 14.07515 1.25916 10.90651 4.942641
8.639116 14.08822 0.9881434 13.24292 13.57854
12.30437 7.375204 8.477479 1.789994 0.5703185
7.694614 13.97966 6.675948 8.78043 12.69488
11.20203 13.3931 10.92117 3.234009 3.129863
12.41935 10.84642 13.38948 13.06189 14.17401
2.022749 4.058259 14.09434 5.09888 12.0891
10.17447 13.93651 4.415105 13.47842 13.50075
8.721417 9.383354 12.19577 14.07391 11.44806
14.12548 9.140365 9.909624 13.94074 11.68287
14.13939 11.60192 0.0696112 12.56081 14.17906
10.52199 9.54612 10.60006 14.12364 10.9194
11.49098 8.571493 8.748705 12.55078 12.04973
14.09305 10.19961 14.1924 7.908779 13.98192
9.863388 12.5394 7.869837 12.43227 14.00428
1.085107 13.73641 13.38152 12.88064 13.93447
10.70554 8.597738 14.18127 3.326152 9.025143
0.7427147 13.57444 13.95045 10.38389 14.18842
6.466993 14.0749 13.06538 0.1868927 14.19258
5.204696 7.714872 13.13458 13.79105 7.77636
9.741813 14.18142 11.89417 12.69597 5.638772
9.881699 7.635317 12.34226 9.198025 13.96773
14.09839 6.809612 7.410992 14.19143 14.13444
2.676766 10.92418 12.73248 13.96025 14.05657
13.85015 13.4288 14.05611 12.13164 13.38223
11.33313 14.08399 12.76322 14.16481 14.16155
3.292761 14.133 12.87196 7.478886 12.14623
5.130543 10.0342 6.912293 8.287548 7.188026
10.27856 4.408452 14.0244 13.9845 10.26736
13.07215 13.99869 10.44985 4.797972 8.890668
6.271261 0.2158125 0.08402722 4.953221 2.176017
14.17659 3.310794 14.10362 11.38983 13.53708
13.80011 11.52723 10.04516 13.97866 12.99644
5.221173 7.081443 7.556199 14.18944 9.637867
8.435084 4.458526 10.14352 9.517137 5.550735
14.16161 6.52133 14.12847 14.17823 14.19166
9.545806 13.90184 10.25051 10.39711 5.201733
4.511494 13.58487 14.14633 11.58462 10.76514
11.84852 1.283774 14.07385 10.79322 5.474683
13.18837 5.343343 13.7979 13.9924 14.07586
14.13982 8.550372 8.729891 13.95674 6.757619
7.929817 12.84691 11.07846 9.179675 9.974886
11.15306 11.29073 14.1032 9.906275 12.93798
10.26301 6.834666 14.09863 11.27357 14.18323
14.00185 13.20637 13.3585 13.36204 12.37512
13.71864 5.641791 12.49117 11.33575 9.565213
9.774164 12.04525 8.797353 3.354366 8.701896
2.579382 11.80607 11.06759 13.16903 14.17401
7.283982 14.1252 5.916778 7.4044 11.2821
11.1931 14.04752 11.54713 8.558189 13.62793
1.305319 4.048301 1.065924 10.24149 12.67153
13.11311 10.1045 4.171992 13.31624 0.1333508
7.920056 14.03109 14.17973 11.21968 9.787979
13.67995 11.1895 8.103226 5.527497 9.536322
9.535326 8.259191 9.778879 13.21616 10.18518
14.19084 14.14148 10.69736 14.118 8.130239
13.92976 2.796272 11.92164 13.71382 13.68213
6.953657 14.03592 8.859373 8.67481 5.900663
8.442762 10.11838 6.150209 11.81076 7.570207
8.530126 10.23198 8.038148 13.6585 13.77384
4.139539 13.9651 7.925221 9.91363 3.256079
10.04713 14.13673 9.452585 9.473781 13.93143
6.24654 0.3376299 7.141689 3.915003 13.5862
14.15613 7.171789 13.62975 14.11495 9.64967
9.353755 13.75177 12.56722 7.445677 10.94037
10.37881 14.14266 8.527123 14.10879 8.073556
12.67992 9.215749 2.669679 13.28191 14.16724
13.42497 8.269219 4.600364 10.94836 6.260022
10.99467 11.7976 10.59599 13.87937 10.9597
13.40658 14.11594 12.85656 11.87083 13.87221
11.41423 4.740372 8.68239 7.086343 4.619906
10.70143 1.941579 7.947923 8.450149 11.55269
14.19466 0.7326287 7.865975 13.37762 1.009103
10.14141 11.93539 2.549571 14.1003 7.82196
14.11796 14.19095 4.579634 13.974 12.62574
6.276484 14.01692 13.85749 13.23774 14.08641
10.51691 14.19922 4.518198 10.06201 11.65451
5.595536 13.91475 13.84387 14.08107 13.5128
13.04507 3.132917 13.4906 14.07021 14.14339
10.87768 13.48639 8.551488 10.35131 10.85213
14.19049 14.03481 14.01821 14.1873 9.581765
14.05441 13.17284 10.37078 13.98207 4.685524
14.11055 9.954928 12.81014 13.76963 11.92531
4.981519 5.419157 6.758891 12.15208 10.94867
13.98728 5.655523 8.772238 5.275894 1.344369
12.47733 5.750494 3.375669 10.9685 14.16515
14.18495 4.867924 13.80428 2.01744 14.05178
14.08239 12.95566 13.76573 14.18286 14.13557
11.89491 13.9165 8.689286 13.58877 13.97998
9.205502 14.07247 8.03492 13.93299 14.09128
14.0057 2.009057 4.848731 14.10272 14.14958
14.00341 10.62697 13.45585 14.01265 11.50698
13.52587 13.35592 7.316115 13.38971 14.09022
3.534176 6.951084 8.218135 14.09 11.16513
2.424769 12.75872 2.789989 10.26365 12.48394
13.31835 11.18509 10.05008 4.682738 11.67482
6.823023 14.09442 14.05231 8.202262 8.32997
14.19914 9.195667 14.13397 9.223606 0.4300473
14.1661 12.86209 14.11643 12.99658 14.07475
13.8379 3.180827 13.97403 9.212596 13.8926
5.795813 13.58977 14.00605 14.15438 10.11111
12.72018 13.87655 11.0451 13.00244 14.14069
5.991219 14.07681 12.43755 14.12819 14.14312
13.91105 12.17348 10.54386 0.08430861 13.27522
3.380751 0.7769028 13.89598 11.28036 0.2532383
7.262168 13.33509 0.4674449 14.08979 9.779021
14.1503 3.963539 5.482853 7.92595 14.18754
10.59002 8.646632 7.276358 3.805426 12.17646
5.891258 14.13013 14.12513 11.42188 13.7781
9.832833 12.96161 9.4217 14.14688 5.521098
12.57666 14.04113 3.336 1.05221 5.249685
0.3949517 9.572863 13.97014 14.04765 14.00388
11.98091 1.827928 14.19444 11.14343 13.83797
6.923154 4.006715 11.02665 13.96837 12.69193
11.1049 6.972205 12.86567 0.1955337 10.17498
3.253736 5.605125 13.37334 14.06958 7.550708
10.68224 14.05108 9.879203 1.671621 14.1846
12.48822 1.885973 13.574 8.635806 8.263788
13.1206 14.1571 14.07751 14.1948 2.697428
9.91422 3.866187 9.187785 14.03974 14.19025
5.801559 12.6385 11.31309 5.541139 12.64371
4.431403 3.757181 9.073941 9.802614 9.225205
10.09181 12.39199 14.03256 12.55185 14.0097
14.00933 10.94831 9.810366 13.88443 14.07447
4.500606 9.392635 11.72614 7.413419 14.13283
13.09131 7.87213 6.656057 14.01161 1.290465
10.80147 12.12249 3.865758 7.78406 14.19359
13.38929 12.93122 14.18889 5.048824 2.289056
5.5583 13.48733 6.345336 14.02203 7.182349
14.19881 14.182 7.692381 13.75482 11.76703
10.34519 9.447666 4.998447 11.22993 12.38538
14.15925 11.02287 4.083772 13.99382 9.981536
13.2723 13.3848 10.53275 0.9964923 5.029529
1.877528 6.460011 5.216483 14.06458 13.963
6.958887 14.09307 14.19338 12.07845 13.83008
4.461634 7.280089 11.37675 9.515321 10.44158
7.140747 4.537318 14.12619 14.19739 12.67458
14.19793 13.65882 6.447847 12.79857 13.6906
11.62717 14.17914 6.822284 11.74882 8.341172
14.11926 14.17859 1.267588 3.835842 9.049403
12.46488 4.129858 2.407985 11.96036 7.914885
6.902779 8.789339 3.805189 13.31372 9.687755
14.19738 4.640103 14.15805 14.18918 14.1014
6.842196 1.158172 14.0741 12.28262 7.926632
1.530243 7.787435 10.04083 14.0749 7.593767
13.72374 14.11469 13.52167 14.09742 11.77071
2.158378 14.08529 3.816511 1.060312 7.729556
12.71429 13.9086 14.17194 7.644634 4.06348
13.78566 7.981803 3.329917 12.37044 8.804044
5.563185 10.3278 1.215904 14.04534 11.24472
12.11158 14.0871 9.129988 5.203616 7.339319
14.12303 13.63737 11.10302 9.477981 10.11212
10.69877 11.91128 8.611626 14.14159 12.96265
14.19154 10.27297 10.76304 7.073671 5.11233
9.758312 5.349198 14.09174 11.25026 12.86268
13.88424 13.43436 14.17504 14.15066 12.91654
10.96873 2.200367 0.2195033 12.28621 14.12485
14.16294 6.47892 11.50415 8.963228 12.51189
10.64909 6.666676 7.730287 1.957912 2.49243
13.63877 10.20142 9.193537 5.785775 10.25449
11.36789 14.02393 4.145892 13.88731 7.740558
5.469354 1.877889 1.019877 14.0711 5.560056
6.213084 3.89801 14.03426 3.414091 14.17024
14.11685 12.02189 8.84085 12.89476 14.0905
12.26738 13.53054 2.227843 14.18216 13.9884
14.13263 13.52477 14.04707 9.837617 12.51832
12.12683 6.59702 11.76999 11.87415 10.92305
11.53058 12.4743 14.13743 14.04261 2.775602
9.411323 12.17851 13.95977 10.97059 13.19547
10.54383 14.10319 14.04587 12.48859 5.884608
9.984161 9.586851 13.7925 14.19841 10.19765
3.59625 6.20245 14.1394 7.671208 13.90589
13.99929 9.925755 5.815009 14.18599 14.1404
7.60969 13.97862 13.99928 1.177042 8.927778
7.775602 13.88605 9.723814 10.47426 13.4573
3.536279 13.97507 10.23218 9.728934 7.977186
13.68174 14.17919 5.428682 13.92638 13.75001
5.94406 11.56476 13.44451 6.453832 4.217838
4.516215 7.72719 0.797462 11.6272 14.1542
13.76735 14.04774 3.949082 6.009723 6.073939
4.746613 5.870858 12.84107 14.14852 3.398625
1.411703 4.771256 12.96753 14.14706 0.2549404
10.95235 14.15144 7.574031 13.83566 8.169105
11.03556 12.48857 14.1783 12.56071 12.72162
1.810321 10.93357 14.12675 14.1839 11.40486
14.17534 13.91567 14.04372 14.07646 12.97982
9.202602 3.869156 8.335323 14.08904 14.02084
14.05246 4.262896 4.578358 14.07866 11.9182
10.01085 0.1883945 10.88669 4.92951 11.74563
12.66101 11.15333 4.723722 12.32567 3.976069
8.914317 14.14882 2.289602 8.016802 1.529464
6.151835 5.790629 13.32133 8.202983 7.016752
7.400263 12.64739 14.17082 9.165151 6.486766
9.794024 11.39994 12.19956 8.403954 14.06591
3.582827 1.49369 3.580681 12.16041 5.791718
2.573255 7.818324 5.166852 9.700311 1.022448
14.12722 2.708727 12.00161 8.171298 13.90524
8.314678 9.776138 13.47408 14.15925 12.43234
5.654432 7.022623 3.05891 13.58181 7.662326
13.2447 12.42012 11.39207 9.505903 1.401428
8.060487 5.441808 14.06003 14.17796 11.99016
12.25539 9.090116 4.419071 11.21493 7.975297
5.037513 9.673145 13.84262 9.080636 10.01295
12.02849 9.951737 9.03906 9.850004 2.056832
1.349803 12.03663 14.15531 1.425567 14.15016
3.362035 12.38492 6.725315 8.482144 11.20871
10.16447 5.231942 1.859961 7.09898 13.68605
13.95585 10.79725 4.997109 11.33458 12.17827
11.84241 12.52543 14.04164 13.00733 10.80654
12.62288 8.713033 13.81414 10.59221 8.524597
1.86665 3.661637 9.808925 9.163139 14.13049
6.870914 5.030989 8.508794 8.875398 12.90064
7.531375 5.650412 13.52741 11.28365 5.657094
14.19351 8.232289 14.03638 5.435527 13.34786
11.48753 11.09009 11.86743 0.3956301 14.17159
3.925629 13.64078 10.3507 9.254049 7.9139
12.53789 13.74532 13.57899 5.516607 7.414262
11.92463 2.65687 0.7151798 4.547606 9.0433
5.709178 13.53979 14.02203 8.089492 14.18596
10.14864 6.646204 13.07615 11.72654 11.46157
10.49025 1.414095 8.323366 9.957478 6.571557
12.33418 10.29755 13.74199 10.42673 14.19035
7.609182 11.32678 14.15618 14.13907 11.01948
7.665079 13.3781 11.27205 14.15589 8.472828
12.04989 14.06268 11.74477 13.90852 14.10641
5.115264 3.636409 5.44704 12.79846 14.14334
12.08765 12.27447 14.13705 14.0911 14.05591
6.0618 6.089252 10.69216 1.358028 13.61149
14.00041 13.83906 14.16316 13.67737 11.7954
2.405358 14.11292 11.79677 13.93526 5.679782
8.415566 9.027633 13.93984 6.519225 12.66737
7.939368 13.00843 11.15408 7.476112 11.74228
4.700886 10.11561 3.678945 14.0927 5.866186
14.12724 2.878225 12.51745 8.732979 14.02991
9.288611 8.59521 9.692738 10.83252 13.68376
7.307991 7.245265 6.975446 11.12676 13.69712
8.843281 11.2369 5.459018 6.965191 14.03362
6.112076 14.18682 10.06338 1.635735 1.401968
6.733417 11.93076 7.788615 8.760231 6.125067
13.60172 6.504473 14.06422 0.4534052 14.02888
3.682789 14.13073 14.01941 10.25688 1.36899
8.310859 3.404798 13.97733 10.84523 10.92991
9.405463 14.15556 13.46771 13.52352 12.97454
7.53163 5.87403 5.997896 8.64251 13.99368
2.415081 14.12107 11.56728 14.00461 2.69116
10.5289 14.16746 13.54975 14.08917 12.20006
14.17517 14.16191 11.75833 14.13377 7.614818
13.74975 6.450747 13.95283 8.979453 13.87854
13.82154 1.189621 9.649126 14.09223 12.51934
13.73844 12.95382 14.18659 10.1975 8.260719
0.9824581 3.529028 11.00783 14.19271 3.051009
13.58323 8.608116 14.1228 7.26365 13.77298
3.203177 9.011826 7.969772 13.03506 11.59107
2.901621 12.91858 10.84781 1.935484 10.2148
5.197976 1.541345 12.71383 9.939185 13.71247
14.19495 7.619527 13.06704 5.883432 13.379
8.617608 9.092504 14.00288 4.159487 5.882015
12.80322 13.1754 4.880146 13.89395 7.913364
14.1801 13.94681 4.050147 12.95602 11.65209
6.147045 2.146609 8.214922 2.79081 10.66802
3.814509 13.93025 14.14126 14.12787 11.59408
7.232739 14.14936 10.21946 12.23564 5.420158
4.040037 9.806119 12.41321 13.00311 12.39368
2.707256 2.381414 3.984478 12.67389 4.258034
5.669999 13.47979 14.00247 12.20917 14.17827
4.435691 11.48864 2.590516 14.16643 14.18733
4.701182 12.39185 14.05334 10.99104 10.60112
8.990498 13.19316 14.1625 13.85319 13.6349
6.124296 12.37044 6.15115 13.91472 4.080024
9.398931 4.873151 13.15569 12.06338 11.46517
13.25943 9.049891 14.03838 0.623418 13.48471
2.377971 9.879013 10.69055 14.13935 8.262704
13.87966 7.481986 3.33023 14.12323 14.1297
0.4327934 12.76236 10.95288 11.33885 3.18066
12.12179 12.27761 7.522713 14.17782 12.45837
7.343465 13.97771 14.06936 5.898452 2.249581
9.671399 10.84345 4.037211 12.27033 9.146741
13.46667 14.13204 11.2588 5.483427 13.63576
7.392866 8.802342 9.566704 7.340528 7.501303
14.03399 14.08013 14.01208 10.32329 8.15052
14.04791 3.723625 0.2148498 14.04818 13.957
8.733434 8.651057 0.6075449 13.78703 7.422198
14.00058 2.711405 6.746146 5.157218 9.037801
13.84756 10.57631 7.552267 2.178404 11.47374
14.08346 14.15451 13.90829 8.655187 11.93012
13.38922 12.56574 11.66828 13.76798 5.398679
0.2542085 7.365297 14.16766 14.17607 8.268908
14.04576 14.08825 14.14558 13.93767 14.01506
9.720571 13.55994 12.51277 14.08367 7.978253
4.72683 4.165575 10.79931 10.44511 10.17583
12.83674 2.927978 0.5758138 1.846517 4.151338
1.476433 14.1297 7.667058 14.19098 13.36758
11.46744 8.648112 10.8601 14.09505 14.12067
5.022788 13.93395 11.28029 10.20854 14.02061
13.91237 14.05346 0.62644 10.53519 13.49886
3.243844 5.271672 13.00837 7.263886 2.529159
7.703571 10.3473 9.859188 11.49882 10.24314
13.96501 7.305386 4.370704 14.05732 3.296313
14.08082 13.99474 1.139374 10.94441 14.13668
14.17555 11.97421 14.15294 14.1335 11.2979
14.0048 3.821268 0.8930045 14.16461 5.490253
0.7716899 9.718104 14.08973 12.73087 13.33345
14.12197 12.87944 9.5522 9.016069 5.350615
13.97368 11.66277 14.04578 14.06912 5.042806
13.40885 12.11995 4.80786 0.08561741 5.780988
1.322226 4.437402 14.12242 5.796549 10.82237
9.715388 6.370656 12.67653 1.194806 13.32528
1.252422 13.71015 1.881662 10.87967 14.19135
0.0412108 1.837947 11.1706 14.00827 13.97108
1.473227 14.08662 13.87439 13.13126 5.251246
12.52661 13.83033 13.76039 6.84148 14.11958
12.64391 7.307451 12.63545 14.11824 14.15347
10.7187 8.626749 14.18482 3.083189 2.161928
12.94716 6.726756 14.10302 13.13947 5.513422
7.848014 2.168466 14.00585 12.14327 5.491913
4.98281 3.813529 10.64745 6.638891 3.861694
14.09712 14.19343 9.888274 9.381653 11.2589
8.997507 12.76075 5.393447 14.1287 8.410369
1.380954 0.1974522 13.96829 12.26222 8.695946
6.527292 14.12139 13.755 14.19339 14.02526
14.09716 14.16094 9.599475 14.12116 10.13686
14.18385 2.539761 11.5904 13.98412 7.194833
7.21672 14.16278 10.53021 14.17309 14.0891
14.04358 0.0279817 9.849482 8.244136 8.467128
4.147848 0.3451958 14.15453 11.12518 13.16934
12.56973 14.16137 14.17494 11.32124 6.717934
9.842924 0.5534051 12.80248 11.06353 13.38511
1.167033 13.97777 1.38952 13.9768 9.117299
11.134 6.783443 12.75271 14.18962 11.04288
5.417219 13.60306 14.18354 14.14381 5.705351
14.11219 14.04549 14.09048 13.51776 12.51443
6.157522 11.22617 14.10931 3.263902 11.26222
14.03734 13.73974 2.717655 12.95945 1.935024
14.19993 3.810747 13.18015 8.540491 14.16914
14.01034 2.348424 8.618643 10.9514 0.2385111
14.05614 2.045207 11.45826 13.52071 14.1173
4.018547 13.65487 7.355413 7.454275 12.36404
4.315273 12.4145 4.893375 14.1454 11.45233
14.0259 13.90852 6.291872 11.61087 12.75376
1.988312 13.8992 14.14788 5.064055 6.677774
14.15007 9.445925 14.19497 12.56988 8.249441
7.770662 12.38126 6.274503 11.22051 5.148446
9.164673 12.31239 14.14872 9.947379 9.37808
0.8019368 9.605462 8.713762 9.598482 13.82403
14.12059 12.76393 9.784485 14.14658 1.94196
14.05686 10.32472 1.45267 9.165481 14.18393
13.87719 14.11044 9.946099 7.595439 14.07697
10.60491 13.87686 14.18792 8.567752 6.863682
12.51497 10.75953 10.54249 9.003956 9.402075
3.491206 9.574641 14.01704 13.77557 14.16863
13.90837 14.06967 14.1692 6.283954 7.457029
14.09469 12.15392 12.29081 13.9271 9.932786
1.04858 5.54568 8.769646 0.6657844 6.753571
10.2767 14.07602 13.33782 14.17146 14.194
13.75457 14.15775 9.085358 2.379782 12.96493
4.020935 6.484816 7.555926 12.51812 12.60202
0.5529582 6.221432 1.324938 7.507895 13.95999
2.53797 13.94114 11.56493 9.015154 14.01786
14.19332 5.777213 13.72159 1.211204 3.336619
0.08851547 7.522561 13.97943 6.392674 2.762959
8.570673 11.82776 4.597453 4.062448 4.305615
2.893161 3.832424 14.16268 11.95687 13.89449
5.618091 11.67443 5.936076 14.11763 7.573602
13.9815 7.87986 13.85898 12.7659 14.18741
13.58873 11.1966 14.10379 13.56386 10.6711
10.40178 13.93179 8.425672 5.971679 12.26336
2.860894 13.44653 14.08388 12.53967 14.1697
12.15944 7.682135 14.07493 11.38094 3.839595
14.15008 10.57855 3.833692 12.96033 13.11708
1.902956 14.05312 12.59587 14.08032 9.953504
13.50741 5.409786 14.15879 12.41883 11.98218
6.176728 14.12009 9.954486 3.682667 4.969391
13.91674 12.71482 7.497989 13.34759 14.04005
6.68615 5.153018 4.345945 9.349494 9.581853
14.08788 14.13268 4.13073 9.057054 12.00792
5.725977 4.769043 13.58443 14.03015 13.95407
8.74952 12.32594 8.077472 14.01459 3.916692
11.43021 7.986523 13.65755 12.77819 13.90029
14.10611 11.96125 14.08076 6.9999 11.13509
2.276501 4.917886 10.15119 0.3287871 4.837727
6.11542 10.38303 2.606137 9.332533 14.06839
2.638207 14.07829 10.09534 12.10776 13.04769
0.3444809 14.19895 6.092851 8.932856 10.00998
12.61275 10.36666 11.73508 8.820333 13.21503
13.95959 5.12006 12.41093 5.647464 2.961479
9.074975 14.18082 6.759761 14.13758 13.98234
10.61183 3.239703 3.046952 5.802595 6.524656
4.35962 14.15806 2.965593 8.005033 12.49386
4.29946 14.19032 14.12118 14.16295 11.81926
2.845685 11.63037 13.92426 14.1976 13.9904
14.12378 13.99475 14.18308 0.0313975 14.08876
10.6862 13.68733 11.8678 6.311828 8.541282
14.08842 7.399097 9.988747 4.867227 2.055228
10.38005 13.91943 9.978827 10.06494 9.17939
8.884059 13.90147 12.37612 10.99227 14.02756
1.879977 7.699705 14.18101 14.08248 13.99639
11.09354 8.965781 8.864987 3.5112 13.75338
14.14409 14.15407 14.06578 9.098132 14.17797
7.730768 12.42323 9.168139 13.99745 14.05971
8.685065 14.05533 3.939035 4.004048 13.58911
14.11425 0.1568375 13.88971 6.691146 14.19751
14.15709 14.19031 11.21488 2.123306 0.9884546
6.751616 12.92604 14.02836 14.12651 12.77387
1.273716 14.14219 9.532887 14.12733 14.14977
6.985992 11.73455 13.96552 13.95 13.68915
10.72613 14.10168 14.11442 14.16978 8.8884
0.2307937 3.747741 8.878104 14.15682 14.07496
7.327338 10.796 14.04907 9.820869 7.270839
14.03398 14.01082 11.35175 8.962294 8.296885
2.884265 10.54254 14.09817 11.03269 7.949692
14.07779 10.72837 8.428242 14.18467 6.558857
13.38579 13.95483 9.787282 13.69417 7.440605
5.748705 9.025103 14.13121 5.1602 0.7015777
14.16695 2.931576 14.19249 9.503413 9.139488
3.116188 4.36624 1.307478 14.19174 13.47784
10.88092 4.819666 14.07076 13.19954 14.18489
13.32184 13.96831 14.1833 13.75567 14.14659
1.666173 13.15764 10.54797 6.067846 1.375391
2.173965 6.832374 11.33447 11.34431 2.598976
5.336015 10.53059 6.765994 11.21671 11.46283
8.651814 11.64069 3.578117 14.08036 3.557021
14.10246 11.82775 0.3748002 14.18579 3.926535
10.75045 14.04767 14.11361 13.36609 13.73636
2.505902 13.02695 9.617522 9.06904 6.505684
14.1119 14.10248 13.82467 6.119234 12.78493
14.02941 9.502799 9.732161 12.34289 4.288061
10.73147 7.179924 14.08259 0.02860507 14.01943
2.397351 14.19595 6.118959 13.84711 12.35865
8.089129 8.714007 14.18558 0.760762 11.71358
7.676964 13.5262 13.89125 1.474508 0.04680919
14.18522 13.21276 12.6506 13.9049 13.99582
12.26768 3.245399 7.393859 13.65198 13.06104
6.835098 12.87618 13.99819 12.79383 14.14215
14.0858 7.868782 2.747888 9.244521 10.18522
5.579329 12.67288 14.0338 12.64589 11.4901
14.19759 6.536279 13.77843 6.723862 14.11085
10.14536 10.28392 14.17802 7.347305 6.09213
14.02526 12.81914 3.585266 8.445959 12.95929
14.19711 14.05619 13.81305 4.154112 14.12723
8.028828 10.95748 3.795396 14.18509 11.56249
11.47802 14.08261 14.07078 9.200271 5.125755
6.217647 3.459208 14.10451 9.441719 8.67263
6.589394 9.134877 5.808629 14.14526 14.14693
6.872595 3.418071 12.37349 14.09544 12.79963
1.285335 0.2436651 14.15265 9.464173 13.1139
9.658888 14.1698 12.80967 6.464214 13.22397
12.80292 13.7716 14.15239 14.15306 13.08665
13.89987 7.391891 14.16766 10.50913 11.52762
0.6315417 11.76331 13.07644 5.337081 1.194557
11.99204 12.02378 13.34054 14.19389 11.28734
13.61276 13.67516 4.055555 0.4962549 9.209242
7.069708 11.33377 11.20393 11.25275 7.759446
14.19538 4.472687 13.61439 9.938972 8.759121
14.0003 14.13057 14.16171 11.99684 14.08719
14.05642 9.637174 10.02441 10.23302 10.03808
14.00251 14.03322 5.456732 13.71525 8.521444
14.09556 1.892696 14.1179 1.757054 14.13988
13.84424 7.200432 14.15953 13.15509 6.015036
13.96599 10.09979 14.14819 12.02128 7.591978
13.246 14.09735 10.68625 2.408052 6.803325
3.42884 2.884527 11.42998 6.311668 13.39132
14.16307 7.294119 14.18167 13.97118 10.49373
10.3816 13.90999 6.182797 4.614284 14.16455
1.381329 14.18044 8.342286 14.19131 14.03075
12.61355 8.801966 13.99101 0.2875056 12.88804
6.053516 13.20358 1.101681 14.11765 9.269285
8.775539 8.966838 4.236429 12.72633 14.14587
14.16582 9.110865 14.16915 14.06356 7.067765
0.2947438 12.33796 1.794312 9.719662 14.16091
14.1127 4.236029 11.20321 9.071481 10.28626
7.86826 11.14668 14.16671 14.11842 3.361299
13.98375 8.238609 14.1395 11.9834 14.07673
11.15983 13.69903 9.048846 13.65537 7.649785
14.16056 11.03473 13.02087 13.12383 9.663717
11.9544 9.235931 13.5198 14.13108 7.571834
13.29572 14.08266 9.632897 14.0239 14.14974
3.156812 6.156942 13.8502 13.77748 6.718344
14.14796 2.678599 13.71881 10.35977 10.11328
13.7192 13.76333 9.869768 12.88538 14.11271
13.92904 12.86149 8.357085 6.431256 9.311937
1.423747 13.78442 14.01178 13.09478 4.625058
5.717211 7.807536 8.19673 11.89311 3.298865
7.083988 9.510446 6.625748 13.8279 0.2905258
5.604199 4.919739 4.779169 10.087 0.7379161
0.6314241 11.38704 6.991795 10.87316 2.964931
8.368598 8.830757 2.180646 6.304716 9.533857
8.692472 12.28862 7.542594 8.524528 7.156789
2.198525 13.77007 11.00144 6.633311 13.9452
11.12449 6.858656 9.716789 14.09655 13.96911
7.043472 7.122437 14.13409 14.00999 14.11487
12.93234 9.175972 14.1045 2.359693 8.142179
14.07394 14.15616 14.1895 11.90852 7.084094
14.17595 14.14826 1.382597 14.18465 10.17593
14.17872 4.056197 11.17657 11.40001 2.429387
5.293119 13.86648 13.9267 3.436854 1.341019
14.07517 13.51297 14.18319 12.4343 4.06376
12.80605 13.65258 11.83719 4.494332 14.12126
11.15129 10.13006 13.89897 13.76089 9.163565
9.272459 14.1992 13.30345 14.13597 13.18009
10.28918 11.09364 14.16876 10.4392 5.680475
10.29737 2.802868 13.56437 11.87221 12.95166
1.295852 7.202372 4.071421 12.98151 1.732716
12.77294 2.761441 8.414615 9.461149 7.198471
6.393357 14.1539 5.928157 13.14616 12.635
14.11325 13.81775 10.89511 14.06049 14.15588
5.425494 11.36681 14.12754 13.90971 11.80835
8.942986 14.14505 13.52119 11.15709 8.635607
6.214625 12.65328 6.114415 14.17363 5.290532
0.8574156 9.661341 2.548043 9.733084 14.19274
14.08537 11.40012 7.097079 12.16564 1.901342
6.809708 2.06489 14.19311 14.09982 14.15263
11.41968 14.16849 11.26241 14.00618 5.055942
13.15914 13.02326 9.06094 2.686886 12.21891
9.665859 14.15038 4.028941 13.91406 9.88109
7.200901 12.02892 3.310719 5.072203 11.1492
14.15136 4.278781 3.839454 11.84275 11.8753
3.973738 14.09873 11.81162 14.13871 12.60889
13.7481 4.558904 10.09467 1.073507 13.77234
13.31841 0.5518341 14.19144 14.15669 13.30689
2.418409 14.05384 13.9534 14.05697 14.12163
12.32888 11.67131 13.43249 5.735099 8.255928
10.46981 6.29847 12.84836 1.557125 8.937925
0.3664928 14.11935 13.48527 13.5181 14.03391
12.89842 14.19223 3.685192 4.545233 8.217815
10.9037 12.29281 14.03903 14.18104 9.532647
4.07977 8.063647 5.046168 14.19275 2.522882
1.499661 10.42491 13.99889 0.7873212 13.95609
11.57865 12.37272 12.91345 5.900926 10.8102
3.282022 9.616294 12.33433 11.9226 13.34252
0.02188092 3.343635 12.60795 14.17591 11.62205
0.3993465 0.7053582 14.12031 9.766271 14.05152
13.99036 7.451476 13.24286 11.67501 4.102781
13.75879 13.97608 14.1338 4.483227 13.6833
6.437474 3.91952 14.19013 4.933458 14.1808
8.91727 6.3197 12.30466 13.90618 11.5158
5.578234 12.94917 9.975216 4.841364 13.85907
13.94627 7.230982 11.84806 12.34978 13.33656
5.619802 14.02852 14.09856 8.460716 14.18961
13.76983 14.09613 1.714658 1.733714 5.489539
0.4875654 11.0906 12.86733 13.99679 14.11777
14.02448 11.96983 6.423541 13.7633 7.363251
14.08005 14.04284 14.17697 5.867356 11.87635
14.19989 14.07882 14.12735 12.68644 10.07587
14.12328 9.174917 14.11014 8.162762 13.59415
10.2787 9.739582 10.81044 6.457541 13.96363
14.1376 11.04743 10.48807 12.49189 1.00748
7.784099 7.399965 7.836429 6.642817 9.807528
10.40278 14.19702 14.07682 13.88846 2.424017
14.19442 14.15129 13.83761 11.34222 14.16046
12.32023 14.1697 14.17156 13.25416 11.12794
6.932076 13.95796 14.0936 8.612984 14.09208
7.787356 10.72023 13.78556 14.1354 7.306061
14.02253 9.345599 13.49858 14.01813 9.755507
11.16982 9.937156 0.2863698 4.343661 7.830722
13.25563 6.333871 6.840108 12.07139 13.96311
4.609692 11.62135 12.07147 13.88423 14.06197
9.168444 8.29116 1.150393 3.147276 13.87683
10.85726 10.93555 11.39735 12.12859 6.175346
8.915754 14.17482 10.48827 5.483309 13.43345
10.2861 14.12357 14.16971 8.383687 14.16544
11.55779 9.524346 6.510277 12.71868 12.95074
14.19968 14.16867 14.14314 14.17037 14.19416
14.14816 11.1771 12.88223 7.645526 14.17823
14.14109 6.716581 3.729746 14.10074 14.09726
5.929953 14.07021 14.16704 14.13152 9.206845
11.08097 9.896823 11.25418 6.275335 12.79687
12.39309 4.42838 9.573866 2.24769 10.85577
12.61286 13.96627 3.284907 0.3975246 6.365783
10.46437 12.99498 12.73561 1.90259 9.569577
14.05644 4.016399 14.09556 13.93376 1.537991
11.84201 2.745284 14.02336 13.90849 13.68613
9.750916 3.340644 4.77347 7.014843 4.454365
14.1574 8.906368 13.9322 8.054833 14.15878
12.19857 13.93038 13.67486 9.742055 13.93825
13.1352 9.999163 12.94117 14.05544 5.563868
14.14933 9.300275 12.29495 11.27972 9.477888
14.19698 8.149649 13.91742 1.614943 13.59613
7.703188 13.7304 13.75933 14.19286 13.428
11.43751 8.581279 14.15477 14.05019 12.21636
12.99466 5.020208 14.17128 4.369943 14.18346
11.45983 0.9497526 3.027171 12.51097 14.18056
6.315628 9.625428 13.00617 13.89984 1.903554
14.1727 12.46222 11.40334 14.17328 10.11963
14.06531 10.16305 13.99597 12.83122 14.04264
8.438028 13.39277 2.201177 13.95183 14.16841
14.13879 13.88765 14.14494 11.38209 3.675833
8.292043 13.59135 13.84998 8.953258 13.76284
3.734309 7.592839 13.967 9.468772 14.06972
7.241599 13.99736 10.756 13.94864 6.216985
14.18271 13.05718 5.005587 12.95841 14.18737
0.9798306 8.833178 13.63264 10.83757 6.614921
13.3308 14.06396 4.16506 10.29504 8.818899
1.102634 14.06154 13.32909 10.99524 13.92266
14.10018 13.90597 13.35371 9.214863 0.764375
3.017466 11.99221 9.468945 12.87673 9.667186
12.01019 2.261791 14.14297 0.8396022 6.498179
0.08339493 0.972482 5.097665 12.58721 8.40639
3.671335 10.87565 12.03085 13.17495 9.090437
14.15485 7.168601 14.10822 0.1180029 13.02287
1.072226 9.673551 14.09191 6.012259 9.864886
13.99743 13.98026 2.773495 13.05916 13.03812
6.76565 13.21614 6.883969 12.12665 11.65265
10.48041 9.566752 14.10586 14.09277 12.65358
3.129393 14.18249 14.11386 7.149332 14.19222
8.971234 6.116485 9.459514 13.99481 11.39419
14.12835 13.93407 0.9399311 0.516721 13.38166
11.93001 5.041318 5.437319 7.879756 11.87822
12.31482 14.17157 13.78047 12.27525 3.592169
2.626916 6.718125 7.239614 14.00614 14.15972
14.11109 5.023252 14.15689 10.47647 13.0479
13.8765 13.99706 13.64521 13.40945 14.1869
5.854547 4.843182 9.753563 8.947591 14.00879
14.18635 13.61753 11.77759 8.16828 11.33304
13.77605 9.311234 6.647995 9.228345 14.07053
6.05354 13.28066 11.6906 10.02301 14.18734
14.05174 6.394487 13.78853 12.38857 1.693657
14.16039 3.002292 5.025307 14.07725 13.63122
13.83604 4.638794 1.037192 8.27428 7.439757
13.93654 13.96954 13.97063 0.5132144 7.682782
12.5129 13.12765 3.525516 10.67547 9.121319
11.8563 11.0317 8.906098 9.566589 14.19921
12.63074 14.02443 14.08185 14.13619 13.94511
14.00995 13.92833 9.644474 14.11877 12.0433
12.57389 11.84039 5.736356 13.36274 6.626024
14.16758 6.323941 11.96106 10.38366 7.862317
14.1331 9.494457 8.932401 12.4955 14.1425
13.40024 11.80742 14.0359 14.08735 14.0436
0.5657524 10.08221 5.107867 11.27858 13.44576
14.17769 13.66055 10.84712 14.04166 11.54372
12.03101 9.696707 4.319861 8.744228 10.11253
12.22682 11.63094 14.04673 12.77441 4.994299
8.908934 9.948294 6.10181 8.967361 5.090249
9.873052 10.66393 13.54176 9.334052 1.778769
14.19175 10.62283 11.36056 10.6444 12.76544
10.43791 13.97605 14.09414 13.99761 8.587435
13.30237 14.14447 11.22469 12.30462 14.19401
2.68936 14.04757 13.86712 14.01671 10.32786
11.59654 14.04514 7.851897 13.75155 0.8466156
13.98994 14.04942 1.591356 13.15802 14.17129
0.2237209 4.582626 14.11064 8.065383 13.54389
11.8734 1.858552 2.265321 7.797939 7.989886
12.25521 7.91239 4.283738 14.05812 13.98168
10.65711 8.761372 6.183789 13.2341 14.18213
14.1009 14.13059 9.364884 12.08111 13.73708
9.289904 14.19419 7.253222 14.07931 9.475613
8.99792 7.441488 13.38925 10.54867 12.47737
12.26697 14.15066 13.24851 14.18887 10.58406
3.371778 6.206041 3.69785 13.98557 13.61902
7.129375 8.320317 6.150531 14.05577 14.06153
10.11212 12.77922 13.18344 11.68149 11.72037
11.5247 13.8402 13.46789 14.07354 10.84522
14.16295 14.02328 10.3565 14.15702 12.28923
13.44549 4.786472 14.114 8.604568 7.786843
5.288084 14.1053 12.81373 4.10578 2.878168
2.354715 3.720114 10.77466 10.98444 10.3503
12.18481 14.14314 14.15842 12.74811 7.454509
14.16111 14.06861 11.74408 6.977383 3.455434
14.17415 8.582973 14.11297 14.11502 12.55447
8.685156 14.17147 13.79728 4.839667 13.81826
3.695771 13.79594 3.288468 7.65826 14.1733
13.21723 12.53778 4.156342 6.435815 10.89869
13.6468 12.3839 12.87585 3.859249 6.294075
11.345 9.794277 9.163497 11.19271 14.1959
12.65533 6.884652 5.87254 12.62193 14.03812
2.539652 14.15821 13.69723 13.02734 8.426106
14.15566 13.96251 11.79984 14.12833 14.09833
8.179418 0.2139229 14.0978 4.033172 14.13886
12.75591 9.175307 11.07203 13.6552 13.78419
14.17683 7.426037 10.21276 1.992832 11.57257
8.20245 14.13599 11.38969 6.366562 14.10848
8.946839 6.516928 14.12552 2.829105 12.51954
11.8186 8.286128 11.93344 14.08302 14.17107
4.866591 14.04792 11.31352 14.14318 14.00875
2.970516 4.593551 8.969609 8.1577 11.10213
13.70841 14.19271 14.1594 7.536006 11.71783
12.1568 13.85597 11.78301 3.090215 14.03411
10.87587 1.303443 14.09967 7.449777 10.16519
0.8518614 14.02017 13.31245 13.63389 14.02788
13.90634 10.26744 10.18717 7.651113 4.979994
14.09481 4.437453 13.94113 1.462732 14.04308
14.18075 8.551141 12.27515 9.782579 6.793121
13.00672 14.04476 13.78914 8.899096 14.07537
4.666642 9.707762 4.440577 14.06791 10.66167
6.184291 0.7627243 8.828716 4.077289 14.09755
2.199004 14.04858 4.520258 13.66687 10.58812
11.94753 3.933397 9.42651 14.08589 11.63044
11.55362 9.795042 8.228805 13.99724 10.36872
10.34295 1.025267 12.30828 6.050405 14.10986
12.77865 9.367045 13.18683 2.825372 3.269981
9.367486 4.873222 12.82335 13.1754 13.51712
4.048199 10.12857 12.4405 1.654872 14.14736
13.10811 8.7128 14.15741 14.06947 13.90276
10.81234 13.93433 10.80906 13.9975 10.93766
3.939923 2.913396 10.65401 14.19129 14.16474
13.68134 13.8871 12.58837 4.400799 14.10903
12.82761 13.94117 14.14322 10.80131 14.08281
13.99971 13.51482 5.408436 14.13533 13.8096
7.263825 11.76336 10.11231 14.1519 12.64266
6.962815 9.840604 14.16106 14.08892 6.44657
13.79469 11.06527 2.612096 13.87385 14.11329
9.008516 9.669781 14.19885 3.771142 14.18044
4.734289 12.79287 14.15416 14.12771 11.48996
6.920156 13.60476 9.325547 2.163436 1.13745
12.12542 9.322315 11.02662 14.16208 14.04848
10.17506 14.03956 14.09551 8.806827 7.811807
12.31146 7.702726 13.82959 14.11367 6.657633
8.137277 14.19898 14.10832 0.9965751 9.871962
14.18307 10.64023 5.807313 6.018597 2.131802
4.808586 14.17851 8.24503 14.02492 14.0333
14.19906 14.1087 11.11931 9.00923 10.68516
14.19853 10.78102 1.154294 14.0297 14.03956
7.595357 13.85993 13.56986 11.64875 11.00154
6.204659 9.752747 10.17544 5.339369 5.803282
12.00453 14.15147 10.70666 12.09265 13.5587
14.09068 14.13368 14.00035 5.415957 3.302775
9.622452 12.51375 10.06851 10.51927 13.9658
11.3479 14.06366 10.3558 12.2855 4.417884
12.47435 9.847138 12.47618 13.85876 11.91085
14.04558 3.153479 14.16622 13.00848 13.99833
7.070843 10.43336 4.819296 13.92037 9.002874
14.12396 12.88117 14.06492 14.14816 8.430285
14.0383 13.98077 12.45407 7.916111 10.66453
14.08323 13.99792 9.221016 6.636023 10.06232
5.947968 10.77736 4.035794 8.543101 14.05157
14.07289 6.994214 14.15398 3.841164 14.08153
7.985383 14.12244 14.05168 4.857351 14.16889
12.82619 10.40959 10.82862 13.97297 12.58272
10.42874 6.103742 14.19348 14.03341 10.7924
7.472393 8.569546 1.212337 1.888963 2.911589
11.71937 14.12439 12.85701 6.824711 10.57475
0.7636941 14.18675 14.08416 14.18611 14.17768
10.88423 13.87982 8.758138 6.808084 14.06769
12.01188 13.98534 14.17445 2.757135 13.06957
10.84714 12.19959 1.311957 12.0519 14.18732
8.575603 12.05936 11.28487 9.700037 14.186
11.03516 12.09256 12.58889 4.870557 7.650983
14.16209 13.74373 11.28027 14.0321 10.35558
12.7359 6.758017 7.498366 12.14882 9.109173
10.97196 14.02508 13.90186 1.912669 3.640264
13.31782 14.19179 4.869733 0.6579782 14.1909
12.64159 6.653583 12.16083 11.29334 10.80681
14.07117 7.646961 4.552406 10.57708 13.81579
11.48794 9.316967 14.16212 13.8038 13.76758
3.539477 14.07731 12.7833 3.655871 5.29773
12.89906 13.99941 13.97914 7.502837 14.18275
14.02732 10.831 9.715402 13.49932 14.09162
14.00154 14.16097 11.71101 6.034168 8.042121
9.579973 13.27948 14.15081 10.43861 13.91532
9.674515 7.47384 12.79311 14.13838 14.16598
5.436526 3.950583 7.246001 4.192516 9.974544
14.02732 14.15017 14.08197 14.18765 7.771816
2.286179 12.88085 2.884429 7.011704 5.558269
8.65719 10.2397 14.18381 10.61925 14.1638
6.950227 13.91367 13.27106 13.4927 1.005667
9.245156 13.94331 13.12767 8.57771 14.11709
10.92749 10.99639 8.141796 6.292226 4.541589
2.781161 11.91497 13.72557 13.4561 14.13619
13.94716 14.08021 11.69822 9.042134 2.418475
7.854182 2.963771 14.06723 13.61258 14.04537
6.049393 14.10171 6.761552 8.646933 10.97019
11.60326 14.1527 0.05228602 14.17006 13.96084
10.03057 14.12937 12.23179 9.838843 14.18389
14.19096 12.46758 14.18937 14.14219 3.97447
9.687386 12.76173 14.12741 14.12059 13.82139
4.93209 0.2352069 6.701859 14.1075 6.481893
14.1304 13.41143 14.12358 14.07105 5.859101
14.16982 14.01026 13.89551 12.30032 14.18622
14.13303 7.578037 14.07422 12.26762 3.219309
9.878301 12.35681 13.52607 11.42418 14.08567
8.880367 13.82316 8.489838 3.086727 10.12314
14.15934 13.9454 14.06588 9.985605 10.03624
5.555001 6.367281 2.564289 8.44907 12.05566
13.97091 13.83667 4.162581 13.17128 9.46484
7.123714 13.94473 14.16197 7.384289 13.58746
13.71174 5.713481 8.501565 4.290022 7.963134
0.3406797 14.07417 14.11594 12.07745 5.311157
14.1937 10.92198 13.99343 5.783771 11.3749
11.87024 11.06057 14.00906 11.06837 14.18036
14.13495 13.92401 13.27997 13.38701 11.90276
7.820404 3.5128 14.04385 11.05563 5.406673
8.420952 9.148265 11.07662 12.96785 12.40382
13.63911 12.95385 14.13882 11.52526 3.027565
5.678486 9.24796 2.87407 12.1015 3.48447
12.21251 10.2885 8.348091 14.02456 12.90966
11.21993 14.0794 2.445474 0.6137041 9.694107
5.04667 14.15896 12.25205 14.16665 4.263234
14.00467 11.64067 3.976757 9.870851 3.990514
9.723755 13.48628 13.90006 11.57888 14.11555
7.292985 10.75205 14.16161 8.874874 14.1003
12.71003 3.0162 11.62908 14.0708 8.64272
14.01016 13.81293 14.10148 11.9935 5.732559
13.7778 14.03882 14.16325 6.365912 14.06757
12.93831 8.607279 13.31268 3.522682 10.74724
14.08778 11.94616 14.15784 10.15396 14.19335
14.07328 5.227097 14.04774 13.8297 14.15613
14.04565 0.1677673 10.08818 14.02243 8.101511
11.87604 10.68933 7.32811 14.03475 9.52881
8.336426 13.3188 2.605409 13.42801 13.02296
9.627977 13.77268 13.88372 14.12248 13.97083
10.51849 10.76412 13.49354 6.360854 14.08258
2.981796 12.38038 9.696814 4.742754 11.52352
13.76779 6.055423 6.530481 3.207919 2.469776
8.03075 14.00391 12.07326 14.12563 6.456576
7.962371 12.94304 13.48257 7.1926 14.17827
4.734533 0.4763141 0.03414584 14.0218 9.767596
11.58127 14.06074 7.762299 14.17475 11.59899
7.78472 13.16545 14.07482 14.15648 14.11887
6.271605 0.06745012 4.087385 5.559384 12.6421
14.10773 7.632934 8.822715 10.10469 8.344175
8.163812 4.328828 2.810101 9.717682 13.77829
14.14689 2.4472 12.59593 12.41766 14.08842
11.06352 13.54833 14.1394 0.06175293 12.83689
0.9889803 11.66376 14.10202 8.427521 14.09476
1.849359 13.69604 13.17765 13.58549 13.70206
12.98414 1.195163 12.81204 12.63398 14.1433
14.13568 11.13009 14.1901 13.067 13.75369
8.43799 8.39928 11.51007 13.95982 6.477726
12.29507 0.1243519 14.1179 13.54938 13.03277
6.486372 6.591822 11.72259 14.17549 7.245808
7.08554 6.812899 11.57258 8.040207 14.1251
1.030221 9.173541 9.415931 11.2684 10.59695
8.340013 7.202771 14.10238 8.370963 13.16591
4.920015 10.74981 14.19044 0.7823353 7.134134
0.507086 12.12534 14.14901 13.50364 7.584651
10.52228 14.1343 6.040502 12.13389 13.11677
6.117891 1.793914 8.481882 10.7642 14.14669
8.438929 14.14445 5.51721 12.0996 13.98386
7.040714 8.582167 2.098778 13.87816 8.83055
8.508045 12.44661 9.416761 6.929943 8.221092
14.041 13.85221 8.697425 14.1985 5.238767
9.233956 13.78488 10.12707 2.021351 12.8703
4.139468 13.35035 4.856207 13.98641 13.06518
2.240619 14.13235 13.98877 1.542761 14.12641
9.297935 3.898734 12.01945 5.832815 13.0677
13.15238 3.834339 5.456151 12.61357 9.120931
11.60012 13.99224 12.00548 12.4524 12.32664
10.39477 3.954706 9.251317 13.31223 6.022957
13.83191 11.21739 10.429 8.744973 12.57311
13.91461 6.243957 10.34927 2.536778 14.1997
14.1079 12.88319 7.566151 8.979852 12.35491
5.297487 8.630813 13.97075 7.160647 11.80146
7.669603 10.13494 14.13424 14.08185 10.0741
7.168238 14.04025 9.630658 3.546302 13.06248
1.749581 8.333161 13.17459 12.59594 14.12153
14.08888 10.52883 3.019632 13.30136 3.126031
0.389339 0.4961021 7.621707 6.302085 14.1371
9.773937 7.884621 13.42113 3.299796 10.89744
14.09332 12.86554 9.783656 14.1218 10.02659
4.971632 11.34381 12.48375 14.16295 8.220373
11.58787 12.54242 0.6825253 14.19905 13.84858
10.26081 14.17493 9.761871 14.04401 8.523234
13.98074 5.586726 8.374826 14.14043 14.17845
14.12922 11.17915 7.600587 9.635449 12.36908
12.28907 8.123429 10.47713 4.602111 14.054
14.15699 12.64094 7.40507 13.80527 6.026497
3.3102 13.80473 6.29482 8.988155 14.0629
14.00526 12.25991 11.77685 3.155341 13.03273
14.18861 14.04767 0.1566677 14.18909 14.17537
13.57005 14.11224 3.440094 14.10758 5.656134
9.401612 2.928842 11.76498 13.08419 14.15536
14.15544 13.54892 5.654196 3.303699 14.17378
3.262732 12.57834 14.17481 7.551515 7.61284
14.13639 10.09364 12.47801 6.098241 6.249342
5.642286 14.15736 3.814399 2.721064 13.97463
1.113899 4.838469 13.90199 6.351645 13.3264
9.526168 11.15511 10.70106 5.284322 8.106765
12.18961 14.19252 10.51727 14.003 3.923156
3.573978 14.17137 13.59826 13.34238 14.17635
9.841945 10.10203 13.99261 5.662908 11.70272
14.0497 5.729764 7.411556 11.87807 11.66058
5.773307 13.26018 8.088779 13.17405 5.649794
12.95741 13.60786 13.39535 10.1198 12.60062
8.366379 8.251432 4.888906 14.18918 14.15714
12.40033 6.101568 14.14412 10.92479 14.1162
3.768497 11.11986 7.320844 14.13293 14.02458
9.632367 7.114916 5.155665 2.603143 14.1387
14.11191 6.554046 8.08254 9.177853 4.908411
8.013438 14.12982 13.49558 10.08782 10.03262
7.311035 13.56726 12.43047 14.05922 14.18997
4.337262 14.17076 14.14711 5.770581 9.844425
14.1384 12.39167 10.53943 12.30121 14.0217
12.34392 13.66159 12.78685 2.814272 11.94842
5.902953 10.68179 14.00931 7.791304 4.433823
4.015473 12.88166 14.16928 0.1794577 12.32509
14.19152 13.04019 13.16462 2.328993 13.95025
13.89791 7.426663 9.74962 13.55064 1.403084
13.7653 7.504917 13.82381 13.91093 9.745946
4.193674 13.03998 7.785774 9.120254 2.227964
14.17732 14.17227 8.538381 12.56024 4.215466
12.50336 12.27988 14.06351 10.49075 4.835538
14.1557 14.13554 13.57445 8.591738 13.58572
5.730346 14.06406 13.82393 7.693011 12.25105
8.923813 11.33773 13.4136 6.183532 8.144268
8.578632 4.923553 11.2856 1.034909 14.17341
8.899258 5.226183 14.15057 0.2405495 3.298805
3.981724 8.269409 12.87814 5.988599 14.19671
9.996034 11.11948 6.884282 5.889265 12.34897
11.96482 14.13384 14.06848 14.1397 13.91253
7.85896 10.12918 9.771957 10.47776 7.957187
10.7657 14.00807 1.701012 12.89227 0.7741863
11.8911 1.342271 2.982451 6.892222 13.39229
13.74409 4.318158 12.17887 12.29533 12.13783
14.19989 14.05618 5.310427 11.7334 3.251503
14.18044 13.82125 2.627234 13.23258 9.619717
9.34619 13.96566 14.08043 13.30367 7.074822
13.84267 4.567047 14.14524 14.14563 13.95873
12.3938 14.16789 13.61641 3.738596 10.49266
7.53479 14.15627 11.75518 0.9041953 14.15898
7.263532 9.397696 5.147488 1.750807 13.74395
4.516582 10.50719 13.40662 5.859357 14.19108
11.72463 5.140853 14.0793 12.58651 14.17031
11.96263 11.45936 12.95215 14.14466 9.796617
8.102398 3.845292 10.11083 13.95774 6.239359
13.80552 1.675749 8.130819 13.91984 14.1954
11.0287 7.586463 13.43691 8.993169 3.802827
10.98373 7.004937 14.04254 10.96355 12.12615
10.44433 13.11256 13.0069 9.06065 4.290907
13 10.61471 14.18393 13.67474 6.756537
12.80922 9.053514 13.98747 13.60549 11.69879
0.1186026 12.17286 0.8410095 3.532737 14.09213
13.35925 4.538303 11.60063 14.19185 13.41102
8.501849 4.190537 14.10176 14.1049 9.887374
9.508229 9.434563 5.170397 7.833821 6.202896
9.060755 11.85703 12.59977 14.12622 11.71071
14.06062 10.18289 11.76497 14.18699 6.174159
7.55092 8.289573 12.2223 12.71041 14.10792
5.809467 11.86312 7.46081 12.35619 13.82147
9.074154 6.075476 13.33204 14.12619 10.99732
13.75128 12.89524 5.234271 6.240067 14.08666
13.39182 14.14486 14.03678 0.7383148 7.32636
13.07763 13.42576 4.179865 7.783093 6.467477
14.15977 12.56997 14.1288 0.7861687 7.287042
13.41233 10.33222 13.64911 7.117559 5.851828
7.450982 5.956598 1.066785 12.05301 10.19928
13.91547 0.1626957 7.86642 5.858238 9.218196
6.383824 14.15591 5.392926 10.12686 9.091932
1.516067 7.633344 8.822141 13.98663 9.420585
13.93417 10.87071 10.87555 4.863261 14.16578
14.05617 0.1590079 12.06547 14.13115 14.0893
14.18048 4.022298 14.11482 13.08874 0.6089632
9.889643 11.19749 13.45323 2.209336 13.3927
11.6741 13.89837 14.17508 3.398313 9.888552
13.74878 14.05402 10.93622 9.086041 7.880939
10.39944 14.05422 10.11506 7.198936 11.12889
13.04127 8.245057 7.181957 14.14132 14.13199
3.150125 2.472443 2.459351 13.88821 6.711885
10.00816 5.254584 10.57246 0.7653512 6.561524
14.16672 5.581253 4.964589 6.904205 10.22283
11.68615 13.95684 3.093743 14.04919 13.94782
7.130818 5.377095 1.425125 5.764289 12.03378
7.261544 6.038068 14.16333 11.83512 1.847014
12.12906 8.108932 14.19171 4.561818 13.24859
8.624861 11.35968 14.1841 13.73477 13.97944
2.969028 13.88711 1.83268 13.97907 11.03535
10.77254 7.341598 14.0672 13.86867 12.6043
9.624005 14.03057 5.015864 14.05638 14.12451
9.8377 3.986085 12.86864 11.60041 14.02526
14.03408 14.06001 10.0694 11.61369 11.69348
10.68798 14.18534 9.526083 12.48824 10.7996
7.83902 11.38695 4.733582 7.678286 3.040735
9.859304 14.07906 14.03561 10.43099 12.21394
0.02568779 8.168978 5.519243 14.188 13.71958
14.17057 6.93544 14.00702 13.9093 13.88099
14.17132 5.067348 4.878758 11.27227 14.1613
7.589342 8.948592 6.208629 12.42799 3.931572
13.71398 14.18673 10.08641 14.17835 14.03835
5.071941 14.18422 3.160552 1.107759 11.21546
14.19729 10.07893 11.20687 9.678414 6.439387
14.13794 12.93675 8.782105 14.19858 4.682692
13.88775 5.498115 12.95297 13.94711 10.67369
11.38422 14.19143 13.93803 9.842722 14.06668
2.818495 6.518301 9.668611 7.23039 14.12232
5.218752 14.14994 13.74489 13.98556 5.035789
14.17293 13.56973 9.757435 14.12737 14.16887
6.461275 13.9573 1.428023 14.04276 13.34072
5.899145 14.08301 8.02446 3.080906 13.98948
9.190021 7.706881 13.5056 11.26842 11.16143
5.803897 5.104993 6.155526 14.11703 7.27829
8.928182 2.624402 9.235219 10.83494 12.19932
7.841767 14.19469 12.21299 14.18309 3.624458
13.76205 11.75744 6.476526 10.82248 10.31111
10.4241 6.863559 12.72498 11.66529 13.15368
7.165252 7.824454 11.46255 8.684894 4.664508
8.525888 12.35593 13.37468 13.98615 12.43548
2.533623 14.01522 3.982927 3.757022 13.05286
14.14443 14.18815 10.66979 14.0231 13.27794
2.613331 10.17307 12.11797 4.845605 14.17181
13.61768 13.55638 11.11554 5.225806 11.51557
12.77016 1.586879 14.144 12.55909 10.29326
14.03652 10.61656 13.04267 5.231908 7.240778
14.11649 14.0505 13.84889 14.13745 10.63882
14.11785 2.655034 7.571205 9.298979 13.86704
8.790312 14.01487 6.340255 14.16037 12.38582
3.163311 14.16782 2.852928 14.19929 10.65443
13.72898 13.61879 7.447229 14.1632 9.564114
9.58644 7.627447 12.40153 9.135029 14.0424
9.97954 14.15662 12.44224 7.434238 14.05258
13.65368 11.28956 10.36242 13.67885 13.41085
4.013187 11.97381 14.16307 2.307809 14.06314
13.05977 10.3323 10.05756 11.99437 14.04483
6.920273 11.62064 6.474669 12.40613 13.85912
14.07456 9.230683 7.378087 6.83873 8.99148
10.12486 13.1486 13.15 4.919992 5.504107
14.07645 1.267363 11.70656 13.50769 14.0296
14.02607 7.051381 13.90871 14.16778 14.08078
14.18865 12.90145 14.10921 0.6815256 14.11276
10.14318 10.49981 6.988914 2.903067 3.862931
0.639212 14.14023 8.646172 6.956321 3.130776
7.391501 12.61469 14.17048 7.008963 10.41083
12.26928 8.532845 10.64262 11.10584 3.28703
14.01457 14.1427 2.853256 1.190331 13.82724
14.07562 14.12934 14.07249 8.230858 11.82267
3.712883 14.12933 10.82398 11.16219 13.84591
13.14494 11.71421 1.853031 0.4422696 14.08432
5.950263 9.538426 3.467908 13.91045 14.03057
13.60539 14.09789 12.00207 4.728881 11.14581
10.12009 10.72833 11.25187 14.01725 12.98035
9.161479 14.175 1.334195 0.5914509 1.00989
13.77723 6.795168 14.17802 14.17116 11.54901
7.270206 14.03318 13.6865 8.539235 9.450555
5.729676 14.03931 4.196335 10.23187 14.09721
11.40407 14.07114 13.05118 11.45394 11.27678
14.11186 13.7637 7.584756 0.5945129 11.16305
14.14148 10.06354 11.1509 13.1819 14.17781
6.980303 14.1873 13.97116 13.94267 4.5788
4.274002 13.92214 14.16244 4.80658 13.05745
14.08259 0.4144225 14.11117 2.15173 14.13737
14.0872 14.11226 14.11565 14.13086 10.48861
5.303548 13.95837 10.09134 12.97612 4.819472
1.542256 10.5937 12.23881 13.89504 4.580776
7.274493 4.582146 13.78408 5.560843 9.527716
1.75099 4.749962 4.72727 14.09238 2.35874
11.76727 13.97169 8.603625 12.38649 13.66618
5.37899 13.57876 7.389422 12.90895 6.74065
13.49705 4.015184 14.09569 12.77324 10.37495
14.13862 2.017374 2.337047 0.6683665 4.574707
8.226122 7.621401 13.83738 14.15241 14.16025
13.86379 11.30141 14.09778 14.05724 13.50877
13.2971 13.87748 7.225801 13.86928 6.792792
14.06431 11.56583 7.656274 3.736375 12.0233
12.62906 1.854964 5.364926 13.95278 13.34272
3.338698 9.075182 6.817336 9.365203 12.7683
2.756692 13.08107 12.40815 4.373776 7.875543
9.995322 9.660899 13.57648 2.087342 14.10201
10.0579 13.02078 13.6418 13.49473 12.74644
14.05961 13.24598 14.1122 4.435724 14.04494
14.01811 13.72228 9.077432 12.23323 14.0598
8.428606 14.16978 13.90368 9.934682 1.052935
14.15099 14.16222 13.41461 9.477805 7.036949
8.784482 13.87013 10.4891 12.00863 14.17315
2.344519 8.796372 14.06209 10.82777 9.768581
13.77036 13.74092 5.087211 14.08171 13.02907
7.552886 14.1922 13.77887 6.325261 11.44433
7.680794 14.02847 11.99512 12.89815 12.95065
14.03728 13.77135 0.06161355 3.771202 6.048571
7.776948 8.618843 11.84912 12.16596 13.143
4.516897 13.96031 8.173328 11.80812 14.15232
13.49615 6.49159 13.97828 14.05999 8.341648
14.03986 13.85186 13.45263 4.433594 14.15048
1.200751 8.533516 3.213807 11.39683 14.041
14.0897 13.92668 14.11316 14.01542 4.533219
14.17806 11.74926 4.688243 8.247618 11.67651
4.791302 11.85716 12.3358 4.454918 3.645587
4.873232 8.311066 5.579985 13.34803 13.65961
14.02827 10.23842 10.27439 10.25957 14.10508
8.262917 10.96341 6.100621 14.12356 0.534611
8.391964 12.85269 10.7851 14.15671 11.29348
13.30018 13.94092 12.52794 1.751265 5.85872
3.479572 8.795159 14.06492 14.12508 13.64404
1.526409 5.645402 9.958857 6.91764 13.14699
11.03227 14.06005 13.55293 13.74694 5.998026
14.10775 7.772928 7.783276 11.32232 14.14005
14.12555 6.405318 8.795238 8.434614 14.19919
13.35499 3.712953 14.13527 13.18128 4.417885
13.83958 9.733909 14.02082 10.74238 13.74128
13.99449 0.8476065 8.34252 4.335236 7.257843
14.12735 7.393514 10.63542 12.97992 14.08203
14.12683 13.97147 14.13966 8.579907 12.96156
13.81781 1.903786 1.77391 14.19699 6.975694
13.90736 13.90537 9.32958 7.944458 5.046076
3.316213 14.01211 14.14664 13.20716 14.0301
13.33237 14.10206 10.67729 14.12085 14.17535
12.72964 10.53165 14.08519 13.8269 10.63777
13.41768 3.479576 11.45616 8.389437 5.882683
14.10044 2.271296 13.87422 14.17845 12.27017
11.2472 7.936213 2.599998 3.892438 12.75474
4.171514 14.10632 13.36417 7.806456 8.334957
13.80903 9.451842 3.288462 5.951669 11.18583
11.61043 11.70936 14.11045 14.19104 6.469395
11.91323 13.77353 13.16719 10.8101 13.87579
0.7137225 14.06371 13.38805 13.92201 4.799086
14.05745 6.023532 14.1528 11.45205 8.337257
8.895205 10.56889 10.18665 11.47635 2.198841
13.56861 4.469663 14.18256 12.87324 12.59381
14.15691 6.992911 9.644514 6.829921 6.822882
11.4969 5.225939 1.909022 13.93216 6.823237
14.1423 8.813142 0.6815871 9.801883 10.39457
10.0336 9.343607 3.091212 3.683551 12.13036
3.826949 11.18622 9.158773 12.53682 8.695323
13.89028 3.4081 13.60366 0.822755 14.19411
7.793631 12.3975 13.88174 14.1792 1.451889
11.45086 11.93169 14.13752 3.118321 1.411018
13.09916 14.17071 14.19507 8.854613 12.11667
12.82091 12.02112 13.74976 10.4368 7.58865
9.723051 9.152662 2.815379 14.04573 9.154842
2.418357 14.04032 10.09015 10.56801 14.10713
6.613201 7.289707 12.72901 0.943729 6.423241
10.85672 13.53269 9.734455 13.60038 14.19921
14.11689 10.52065 8.50797 14.18806 4.074959
7.690674 14.02589 13.19583 9.035315 13.87441
7.862344 13.17233 11.03784 14.0577 13.76772
14.14762 11.23828 9.743065 13.93178 10.30154
3.467347 14.14159 12.18181 11.85148 13.9662
13.99739 2.344647 13.97629 9.848666 1.849283
14.19016 14.15787 8.290456 13.98354 10.20559
2.690307 14.12201 5.299471 4.798026 1.573379
4.124691 14.02136 3.385019 13.73198 10.43443
9.006697 14.14007 1.016524 13.36754 13.70456
14.09366 6.354934 10.48173 7.496104 14.16934
7.501447 14.18732 2.611323 8.576652 6.040712
11.55344 5.056721 11.0582 7.756305 14.08811
6.673301 13.79991 0.9321312 13.88286 7.454722
13.56633 13.19619 9.863974 9.078775 8.546961
1.068606 14.14654 12.4821 13.16738 14.19597
7.172998 8.703579 10.33815 13.93034 7.432528
13.85992 10.75035 12.82973 13.18879 13.98823
11.04823 12.79083 11.1854 4.191116 14.1831
8.131044 10.87522 5.005879 11.54341 14.00074
9.876403 3.647879 3.478976 14.18625 2.975969
11.86273 6.420199 14.16973 14.1054 13.52317
12.35268 14.16817 10.31643 11.92063 10.66267
9.609644 14.19082 1.515528 8.849793 5.244021
9.863568 11.433 7.628091 13.55775 11.0086
11.44188 13.36516 13.9278 11.05706 10.88588
4.869813 9.18868 8.012259 8.129947 14.06342
14.19193 14.11279 10.26178 3.864072 14.15252
9.613965 5.667812 14.16812 14.172 3.858852
11.82373 5.06792 11.61123 3.342387 12.89602
9.836194 6.204119 11.398 12.69629 13.84227
14.15567 2.201932 12.86613 10.21078 14.07516
13.78695 0.7463884 11.66504 13.9087 7.543367
6.880445 8.608793 14.1211 7.110819 14.07686
11.08269 5.501877 8.018725 11.99063 6.134237
14.1882 14.14286 14.19288 14.16864 14.07498
4.246237 9.587213 11.62669 12.49422 14.1458
13.0678 13.86328 5.863974 4.490782 13.82081
8.723414 8.293688 12.45985 13.92681 14.0937
14.19757 13.57027 7.4811 9.911547 12.40682
10.18337 9.669504 12.21165 11.86662 10.88225
14.11575 13.14141 13.85251 0.5398407 0.9322854
12.91205 3.140001 14.07668 13.46658 14.00087
13.85349 13.64086 11.29212 7.129208 13.81798
12.9777 14.14641 14.18226 14.17683 10.66974
14.16432 12.03303 4.733865 3.410482 12.18529
9.119174 11.70447 3.730785 13.98388 14.15363
14.02969 7.845438 13.8399 4.774233 2.389967
10.78968 1.560887 11.49162 14.06233 4.859086
13.79666 11.91581 14.17274 14.02827 9.610576
14.02464 11.06092 0.9784422 13.82392 2.223089
14.12711 10.71883 8.822169 5.460011 12.22698
5.102317 14.18481 6.742011 13.76693 2.818725
10.18537 11.24501 11.1345 6.120257 7.237643
9.488631 2.13978 7.667066 13.79194 12.99093
4.978168 3.228364 10.38859 12.9586 12.9967
7.588139 14.16116 14.07881 9.900272 3.806982
11.55424 12.10636 14.0244 2.276569 4.355849
12.97932 11.05554 14.02895 2.786132 4.84958
14.15092 12.20814 14.10993 11.43466 12.58579
14.00475 10.76669 9.047258 1.634433 12.46071
9.331122 13.06956 14.19677 4.95477 11.38395
7.648353 7.856949 7.209618 8.200735 5.244512
1.374354 9.246004 5.627515 10.59173 6.307322
11.71056 6.922906 14.19183 8.079636 13.83141
12.40158 14.07367 14.19003 3.067385 14.1872
1.570449 5.494826 2.431151 11.4538 3.082793
13.50354 12.79556 6.845226 13.90035 2.562363
9.140006 12.75836 10.58453 8.462243 11.14269
13.99492 13.10213 13.10319 14.16888 13.89777
8.668455 14.17608 6.764404 0.07825531 13.89927
10.92009 13.13792 14.1353 10.22959 14.00875
14.15288 5.922405 5.217074 11.05847 13.81389
2.003194 10.6772 10.39183 10.29363 12.78659
5.048597 1.699894 8.742767 0.1280776 14.17346
12.68868 1.476174 13.97128 2.116257 14.16513
12.40181 13.68526 12.86246 10.80491 9.744475
2.696285 14.16452 2.198225 13.82067 4.904325
13.22534 7.673255 13.94436 0.4117808 10.64257
9.999982 9.313826 14.19652 10.70163 4.64497
3.4469 0.2059088 12.53521 0.2733846 13.51896
14.10387 6.982101 10.02762 6.805327 10.00065
14.05768 10.08551 13.04758 0.3854533 12.79997
14.17425 14.08136 6.028291 10.12606 5.644427
7.306669 8.383108 3.207054 0.6818192 14.0318
10.67 5.014363 11.56844 14.19979 4.921017
7.031109 10.38575 12.93119 2.488506 12.2739
6.884978 9.70845 14.16179 11.64319 9.36721
6.191809 6.622212 14.12279 8.434795 13.60327
8.232267 1.774735 13.93631 13.94908 3.028454
13.49405 1.103312 10.21541 14.18858 10.8364
13.60436 4.138868 4.794141 0.03353355 4.953154
13.88399 14.14072 14.08414 3.90789 10.37577
2.35537 14.14511 14.09326 13.96939 14.19902
14.15763 7.573979 14.19814 14.10574 0.2932072
5.607012 13.89558 5.788494 8.531579 14.19235
14.12321 14.11606 14.07701 14.18452 13.77353
6.574491 5.428842 7.190744 3.821998 11.4359
13.69545 3.706302 8.343118 11.21039 10.81298
14.15182 13.11459 3.445861 12.68714 5.256291
8.990575 10.94873 1.666829 13.33127 0.3573676
14.12833 14.09454 11.37683 6.251631 12.7691
14.09759 14.09534 4.772125 14.15011 6.151003
8.837603 7.977167 2.671142 11.43781 4.189445
9.213496 12.86909 9.019001 8.529023 13.99593
14.19572 14.19453 14.03599 3.945261 14.15868
7.574888 5.58912 11.81559 11.91318 6.251062
6.28113 13.20094 10.6392 14.16632 10.206
10.11642 1.604794 13.93776 10.11581 13.6323
9.567392 0.7767318 9.717202 10.67696 9.170358
7.963396 13.65213 14.19894 9.184252 13.82856
12.69956 13.66046 6.00978 9.641604 3.308128
9.792263 13.68035 11.24916 14.11345 13.97589
10.00905 14.09947 7.724943 11.53223 14.13264
9.418671 13.94494 4.266935 11.31992 14.19844
11.99649 13.68442 4.125925 13.95355 4.486445
7.93557 12.57628 6.53636 4.727007 3.771679
13.37937 14.05967 13.7491 13.99463 7.286317
14.05368 14.19992 14.18675 8.999381 13.44536
13.70127 14.11439 9.504129 11.92895 14.02998
12.19769 1.947333 1.879198 11.17074 9.996932
12.03648 12.23546 4.744497 14.08437 11.02207
7.152558 5.731803 5.238123 13.96857 13.97627
6.797468 9.911366 0.03572925 6.575105 13.19519
14.17808 9.331499 13.66002 14.06425 11.69815
14.07968 14.09064 14.18651 12.52592 14.13608
14.03392 9.100733 4.205631 6.403316 9.896324
10.96316 9.642373 13.38445 14.03558 2.339469
11.66996 5.815025 10.82432 13.35086 13.88011
14.06758 14.19394 14.06854 13.92677 7.0558
6.436475 14.17867 10.97279 11.92331 8.151525
7.097924 4.121959 4.901705 3.704607 13.54329
14.12675 14.08077 11.19878 2.132726 12.90965
14.11071 13.88788 11.75154 7.165685 5.552399
12.37101 13.7967 9.48555 10.91533 13.74916
13.46881 11.62819 2.39413 2.1599 14.16207
0.905538 7.170192 3.526117 13.91079 9.162089
14.13667 14.0844 11.92233 7.382962 10.78754
6.208939 6.809427 14.11865 12.45886 14.05257
13.89902 14.16203 10.74939 4.776757 14.15745
14.09216 11.63173 14.07166 5.026532 11.90147
14.14693 14.04525 3.316418 11.41285 13.37287
0.9809827 12.89361 11.66556 13.66346 10.31286
2.406453 14.19857 0.1239326 6.883484 6.594309
12.26141 10.12726 8.883247 13.63364 10.01567
1.208284 9.125067 14.13088 6.916403 14.14903
10.85962 14.09159 13.44896 10.54964 9.562456
12.94843 11.42777 14.10201 14.14859 7.173773
12.29471 14.17559 14.11568 11.42348 11.63741
13.854 12.57801 8.343758 5.996493 14.10289
13.87201 14.08725 11.8853 12.77263 7.987663
6.823912 10.89461 8.930816 14.05493 14.04505
14.17633 10.17263 14.07818 4.667777 1.413282
14.17462 8.22288 14.12089 14.00336 14.12334
14.10181 13.8411 5.234736 9.383187 14.06148
14.00406 6.456273 13.07565 6.686128 8.239416
11.47038 14.17625 3.207344 14.05703 10.51414
12.46522 7.291914 12.8247 11.3818 10.1571
13.48083 13.79189 5.79337 12.92655 14.08139
11.67882 9.827326 13.85984 13.54769 13.81553
2.172919 14.05649 11.14582 9.276538 7.991103
9.792947 5.283396 12.86188 1.482907 3.827471
13.50138 14.13238 10.30281 9.310064 14.09081
5.586922 13.22044 14.08987 7.438023 12.88435
14.05148 9.353124 12.12279 1.717695 1.938714
12.27533 14.18064 14.01692 11.03231 11.85542
11.42364 14.14715 0.7007616 13.92136 3.871963
13.25507 0.7551069 6.728975 3.561242 13.07501
9.181 12.2325 4.558202 10.09774 2.742748
12.0708 1.380145 14.13956 4.010887 9.909405
6.275671 3.317911 6.288704 8.009788 6.355927
1.603403 14.13637 6.889067 11.01411 13.46917
5.707316 12.10255 7.083565 9.500424 14.14586
12.16647 10.96766 12.24927 12.16357 0.4483001
14.05888 9.954846 13.66024 12.48793 11.32078
14.04334 13.41858 8.624002 8.083035 12.09714
14.11594 14.17583 8.806587 14.02874 0.9580254
11.10276 7.854479 3.523947 5.448345 7.229657
0.2519526 8.728338 14.1654 14.10642 13.50535
8.127057 4.569998 5.370565 7.232199 9.531243
13.99288 12.69079 13.99252 4.171956 14.12666
13.16056 14.12734 3.822243 13.6749 8.471151
12.28416 3.666608 0.9693594 12.99117 5.251245
2.776972 2.942708 12.73744 8.745712 8.837015
7.749593 14.17111 13.9901 12.65753 0.1213402
14.0624 4.371032 12.53843 9.987639 9.945467
14.18759 13.31214 5.928403 13.60778 13.9063
6.677935 9.510443 7.583609 14.15581 11.94664
2.865274 14.16997 13.85241 13.52287 13.90892
3.029861 3.475813 5.951935 14.15298 13.26713
12.81557 12.22392 6.891233 9.024147 14.0539
1.314105 11.36159 13.43339 12.53719 9.336157
14.01129 13.64775 7.395629 14.18609 4.714204
13.91534 1.885294 14.19343 5.581095 1.389846
14.18494 14.15556 13.95353 12.84696 8.72616
12.06502 12.3216 14.15679 14.083 2.880288
10.87466 9.720402 7.2836 13.22195 1.42926
3.963436 1.662127 5.442805 7.146538 9.533171
6.559261 3.955413 14.08211 14.14594 14.19269
11.08904 14.10355 12.72746 9.101899 8.877283
13.97885 2.301283 11.43366 11.48678 14.00252
8.963019 11.56996 13.54562 13.86931 10.05063
11.66946 11.8789 13.10707 10.32502 12.52313
12.67334 5.359846 13.60608 13.86753 13.61472
11.59727 13.10054 13.78687 13.44408 11.50925
3.964868 4.586271 14.00971 5.701695 13.4637
10.4829 13.83548 14.04081 5.067777 2.224868
8.147885 14.19077 14.00701 13.99864 10.28611
14.16554 4.424843 14.09788 8.02691 9.916367
14.12995 11.19574 14.05946 1.249362 4.197516
13.76549 12.81415 8.601311 14.19976 3.20809
12.18373 13.1969 2.441455 14.14939 7.772925
14.09391 7.247014 4.866374 7.993441 1.860382
5.298382 6.926797 13.88692 12.24883 13.83324
3.521839 14.09611 9.913177 14.00478 13.3966
11.17971 14.12931 12.08302 13.71835 10.48577
3.449719 11.62708 2.238434 8.756281 9.633946
0.4400451 14.17857 14.01199 5.421878 10.12538
2.633598 5.09255 1.744219 3.755264 12.08555
6.800408 13.15669 14.12857 14.01347 2.145114
11.12258 13.85563 14.18433 11.38471 9.457242
10.94392 11.00151 14.15017 6.086901 9.698714
8.685137 7.066024 7.470186 13.99634 11.00403
12.76092 5.85075 14.17923 13.94212 14.15582
14.07576 10.32965 4.477979 14.16262 12.82866
10.61358 3.587881 14.17244 10.3234 3.389873
10.30163 14.12569 11.92196 14.08675 1.014475
13.71351 13.74933 11.53017 14.00199 11.09257
6.570857 13.1316 14.09086 14.12433 4.851913
10.43068 3.855518 13.89322 1.931329 9.329573
14.18322 7.690485 13.73891 10.25356 14.06443
0.0319651 14.17974 9.645884 13.76829 7.694187
5.075525 14.03263 4.244093 9.158582 3.456103
0.1697625 14.1565 12.18813 0.4474908 14.19463
10.48963 14.14729 8.325964 13.57101 4.038541
12.9171 14.09342 1.12634 1.677928 9.788482
12.18636 1.371383 11.15089 13.65631 8.294035
7.437327 14.19863 3.173134 12.01964 5.153205
11.19537 12.87695 14.13255 13.94876 13.31357
4.736894 12.13151 13.91294 13.98592 14.15838
12.98573 10.95918 11.20804 14.19152 14.19883
9.722732 9.634995 14.17061 14.1284 14.16546
13.92367 11.80715 12.01299 13.88189 14.13674
13.16693 13.14524 13.79549 11.63899 5.848076
10.7238 5.977465 14.17308 11.03106 6.270802
14.11231 14.11283 14.17902 14.08873 13.96711
9.679057 3.110126 11.47668 14.1283 4.479189
5.788372 13.37968 3.613765 7.857351 14.06858
14.15168 14.15559 13.0082 5.338626 12.51663
14.1768 2.513751 10.9968 10.4553 11.35505
14.10528 11.65132 9.555063 12.83154 9.539922
14.08685 14.11128 10.38162 12.26145 4.196174
1.137086 9.232974 9.984855 3.891425 13.98353
6.551669 2.698336 13.48037 13.87366 10.62346
11.86925 0.5451536 7.383095 14.12303 6.532265
4.590071 14.08223 3.091203 14.16655 9.049532
14.02974 9.193149 13.38642 6.762115 2.399842
11.65813 14.13314 3.364965 13.9821 10.3453
13.38339 9.888161 14.13619 5.890733 14.02526
13.90383 6.354933 4.421704 13.08014 13.79208
12.81462 13.10689 11.56124 10.02725 12.94509
6.061164 7.504523 14.12708 7.74886 10.34408
4.944806 3.577697 11.88998 0.9714582 14.1359
13.86327 12.69593 13.99317 1.916389 14.19475
0.0329209 14.18521 13.91766 14.11777 8.946262
8.643876 2.309663 14.07051 13.47751 5.326002
13.12577 7.702363 3.371866 14.1526 11.86077
13.36403 1.840604 13.51578 14.15863 13.78132
7.629162 14.08286 0.7313403 10.4991 13.79899
10.70756 13.8301 10.68534 6.101873 11.66074
7.900488 9.093389 11.12704 14.14763 13.67771
12.38628 1.121392 13.78898 0.0380512 12.39563
6.395243 14.10789 9.283334 14.18551 7.939663
13.63507 14.17755 11.62028 5.267144 12.80893
14.10476 6.203303 14.14834 3.225248 4.619017
13.8779 13.75644 12.92327 6.380784 13.98492
7.779794 14.11155 14.11034 14.17358 2.947744
4.006818 13.93311 1.244954 14.07033 1.956164
0.5757305 13.9762 9.968583 6.468725 2.141156
11.10433 9.955092 10.2192 14.13389 14.02238
14.13467 12.55839 5.44776 13.80636 0.2620321
12.20106 8.019954 2.504944 7.502501 10.65728
7.881099 13.42271 11.33214 11.49555 12.9159
6.244419 13.75028 9.433633 6.694014 14.16696
1.852639 6.035364 11.57053 14.19832 8.939174
9.939016 12.40417 13.9597 9.471789 12.82471
13.57013 13.22196 14.15522 14.05012 6.860033
13.7848 14.01509 14.04888 11.63435 14.15467
3.719781 11.58199 2.410979 9.604724 14.19156
14.05176 10.18382 14.15717 6.732147 3.368489
14.10104 12.00681 14.06696 14.18339 7.708958
8.939376 13.94021 12.4413 7.557819 14.14082
7.679488 14.19698 13.16425 4.140297 14.19924
3.18176 6.418876 14.19405 5.129031 7.855072
13.98336 3.960614 11.14419 9.881737 5.059243
13.975 1.992951 6.510898 14.19805 4.644769
12.86178 5.107424 4.734615 2.783904 14.12418
11.21764 14.02469 7.431835 12.86419 9.233041
13.9868 10.77233 14.15548 14.19627 2.320946
13.88546 12.48377 13.67539 9.000024 9.953377
7.412625 13.19245 14.19588 9.181361 13.54294
11.71283 4.011085 12.32925 14.14846 7.883356
9.582397 3.080561 9.814333 13.89916 14.00105
13.90868 4.545068 10.98934 11.19751 8.195667
14.00115 12.93953 5.954984 14.17104 7.092751
14.19467 0.1874204 8.847513 14.07385 9.745074
7.78039 0.1956886 14.04609 8.268555 8.05803
11.15547 13.33133 9.769889 14.19667 1.444537
8.464023 13.43006 11.48561 7.951682 4.781214
12.50989 10.084 14.12743 13.14439 9.990919
3.717666 11.77131 11.70174 1.99482 14.14097
10.06193 14.18311 11.15869 6.54713 12.78039
13.85527 7.638659 14.14245 3.707285 14.05022
4.773047 14.19991 8.627419 13.74826 13.91228
7.413767 12.7091 12.7625 5.86454 14.18665
1.154986 11.39173 13.83341 14.15589 7.087136
14.16089 12.21251 13.54265 9.287562 5.000992
4.097647 8.969818 8.561941 4.190086 10.82662
12.73384 13.47599 10.6595 6.954915 13.79425
9.370686 11.16225 10.70828 1.155192 10.93525
11.21276 1.180784 12.84893 14.1451 13.97376
10.59681 6.79045 13.75624 1.881999 4.775329
3.377827 7.087529 10.95228 5.520588 10.25122
13.93265 11.68525 10.47762 11.95049 8.696288
14.08446 11.80146 12.11087 5.306938 0.8989106
11.23845 1.686213 11.74762 14.18435 7.144047
14.16322 13.84517 13.9397 6.275738 13.94007
11.77527 13.75461 13.69048 14.04589 6.42616
7.912166 13.58534 4.919262 11.64859 8.047345
5.796325 13.17919 5.355587 10.04371 13.72519
13.73199 9.556058 13.97909 11.06405 3.002881
3.778806 11.57655 14.19319 9.58623 13.88571
14.05603 8.033657 2.269218 3.806813 13.95996
13.45586 14.07598 2.389585 12.16704 6.979004
9.82809 1.093947 3.115684 10.7803 8.850269
6.959375 2.606919 12.43068 9.470416 13.7682
14.02181 5.252878 11.56069 7.425965 11.81277
11.00216 0.5548817 1.198975 10.86566 9.696107
14.11316 13.10667 6.435041 14.15822 8.731095
14.06262 4.764552 6.364661 6.621785 13.9494
13.68972 10.07799 7.036398 13.39886 14.13351
9.333553 9.530477 12.52733 11.79599 3.444307
12.1322 11.14899 9.609141 12.8708 14.06617
14.17764 6.54314 13.49463 6.771233 11.9651
13.17711 6.538114 4.552211 2.313749 14.15051
11.78002 1.345791 14.1609 3.769269 11.55282
14.16303 12.43958 2.416212 9.662724 14.133
7.847411 12.91064 11.69317 13.05639 10.72802
14.02852 9.155241 9.313537 5.394879 11.96291
8.677058 14.1632 8.56397 13.27787 10.29672
10.35951 11.63568 13.87988 12.48018 10.87384
1.991039 8.037077 7.331317 9.185086 4.986115
4.197825 11.55668 14.16757 14.17872 12.34579
11.18508 8.616951 14.01651 14.10294 11.99742
6.759337 13.70074 9.867869 13.04678 13.25298
14.19135 7.549273 14.04176 14.16276 14.18184
11.25412 3.586903 14.14356 2.530704 7.33303
14.17659 10.84589 5.611816 7.716799 11.34881
11.20188 12.48872 12.05852 9.426562 12.13162
12.04952 13.81613 11.7463 6.937193 14.09468
11.81101 14.19761 13.89593 14.13178 14.16191
13.90924 10.67644 5.476088 10.18805 14.07076
12.48044 10.6135 7.662764 14.19599 9.381252
9.95071 2.98312 11.54049 5.878383 3.136724
12.2377 5.46071 14.10988 0.6442681 2.680766
13.96082 14.09346 4.103594 11.87043 7.546287
12.3338 11.00434 5.98874 11.71909 9.511307
13.33223 4.388889 13.79649 14.07418 10.09262
6.594547 6.290702 8.99098 10.04995 14.04618
13.66311 8.529682 7.89955 14.16641 9.36525
14.14706 14.14869 3.33276 2.703015 9.099853
3.036289 14.16107 13.55651 14.03336 11.21029
14.16082 10.94903 14.18401 10.27862 9.675745
14.1742 8.086236 7.828148 12.77822 13.75278
8.776732 4.264013 14.11749 11.121 9.227481
6.419012 12.03149 10.83716 10.56138 13.1939
12.13611 7.721693 3.950167 13.93751 13.99222
8.493296 12.52089 10.59598 14.04599 11.98968
8.259541 14.1859 13.09333 14.15386 8.579414
9.353349 13.43314 13.95736 14.11928 12.35415
12.84317 14.14012 4.860603 0.8273308 14.01088
11.31802 6.817212 11.64423 0.1713768 13.48619
5.64568 0.272784 0.7047502 14.14556 13.80043
14.03567 14.11871 11.18418 0.06402567 9.894019
11.69184 10.23259 14.05184 13.32962 3.06262
11.3494 14.06731 10.42462 14.11633 13.90678
13.97431 4.6807 9.472133 6.57173 13.70299
5.858553 9.323371 9.869454 14.1135 0.9601389
13.74401 11.01243 14.14264 8.850312 11.88769
12.09546 13.94893 13.99528 9.73813 2.231202
8.60433 13.25427 13.67645 14.17218 6.8259
14.16879 13.88265 6.644217 5.836139 10.42778
1.682671 3.841896 10.9319 1.397229 14.12493
14.13222 3.609451 10.74461 9.402624 3.451044
13.58782 0.8766123 13.97601 8.053635 6.722546
3.252224 13.98881 12.81166 10.36384 13.99954
6.104922 11.70958 3.846556 8.521112 6.477459
8.662813 5.384438 10.22629 14.15146 7.788026
12.2367 4.63019 11.39782 11.75181 14.04115
13.99002 10.26447 6.690336 9.977414 10.92015
13.43824 11.94336 14.1854 12.68312 11.71106
10.0868 10.37981 1.336706 2.317462 14.01811
13.43338 14.12098 1.904399 2.252819 4.453587
14.17868 13.52174 14.00887 4.040709 14.19218
14.12171 8.369026 12.93839 8.933215 0.5882903
8.888496 13.62054 13.23866 10.64261 14.17769
8.13698 7.982483 12.44725 10.10965 14.09533
8.462579 8.462373 14.05873 12.40223 6.545135
10.21875 13.97842 13.32939 11.56748 13.07991
11.58843 4.011418 13.38234 5.403148 10.12619
5.578382 3.035296 14.12212 9.34101 1.721744
14.07466 10.63958 6.846935 14.14353 10.0963
10.6811 4.98878 0.450997 14.07712 14.14873
8.895398 4.19077 9.035551 14.11255 10.16303
8.888508 13.0296 8.51606 8.580942 5.542904
12.70628 12.7926 14.01414 5.550098 14.18751
9.187162 10.9727 5.057038 3.052487 4.121422
11.27513 9.691621 1.328093 13.75825 8.23008
13.96417 5.331614 14.19372 3.605604 11.56514
2.981523 14.13462 7.098868 13.63092 13.92765
13.04664 10.49175 14.12671 10.50918 11.49567
9.278108 12.91033 6.697372 12.38945 14.10407
13.99284 0.3492411 13.94878 11.13528 12.33945
8.564432 7.082273 10.08333 13.686 6.088989
10.17696 14.08407 13.62263 6.316285 11.16481
14.08462 8.444021 14.16689 6.776369 11.96529
1.978282 13.98895 7.460966 14.18043 4.425829
8.166846 14.18137 11.20644 8.77696 14.16746
12.05218 13.26936 7.195477 8.589626 14.1796
12.6311 12.67916 6.085817 8.196383 9.942631
13.95499 14.17338 12.92174 11.95725 1.426352
2.328037 11.93297 12.72717 2.580813 6.66181
14.13635 13.41582 13.99835 12.03335 10.46601
14.10181 10.19239 13.90031 9.979773 13.41602
14.08218 9.841953 14.01107 14.12601 7.763491
2.880541 13.49474 14.13825 14.1688 14.1871
14.19486 8.67809 5.099819 13.57919 14.11039
13.19306 2.510964 9.63391 7.609755 11.83696
14.12453 14.19486 6.567633 13.89881 13.79903
13.93473 14.10086 4.179751 0.5213841 14.05664
13.97551 12.61067 6.693761 8.757599 13.81413
13.41939 13.53732 14.18191 14.15739 13.87035
11.9905 12.39109 6.407549 1.420563 10.36358
14.18584 12.5879 2.981976 3.103514 4.440132
14.17519 14.08624 13.47116 13.99434 14.19772
4.228641 5.980267 9.112183 12.02507 11.95812
5.971104 6.43257 14.08018 3.969575 14.17692
5.188025 2.47329 12.1657 4.599979 14.09751
10.11376 11.35839 14.12965 14.12924 12.33904
14.02224 14.07499 10.60347 2.091863 8.337306
7.999018 14.17484 13.99991 11.86609 9.685402
8.279601 1.181586 11.60454 10.53973 5.420085
14.10657 6.112356 13.89155 8.884169 13.10936
14.14114 7.7407 2.788515 11.21925 13.34487
13.85165 14.00394 5.887059 4.439268 13.91034
14.13345 14.13329 13.843 13.81055 7.10259
14.14862 9.872119 8.429644 12.24096 9.442857
4.462284 8.7483 13.85644 14.06759 13.71992
13.22556 14.16636 11.81949 4.662452 1.653389
9.301403 8.852645 2.362058 7.899911 13.80775
13.8606 14.05393 9.472973 8.535806 1.487257
14.19546 11.36609 8.156564 11.39615 12.42306
8.575516 9.904592 14.18718 5.541841 9.170995
7.796055 11.55457 14.09403 1.768084 2.524484
14.14061 9.326606 1.485246 7.3399 13.13283
10.97046 5.691314 9.701687 13.37728 9.525928
12.64629 13.92733 9.501883 8.577833 11.04038
2.199518 6.109963 12.64454 14.11968 2.922917
12.12937 5.585636 13.60326 7.787392 6.98649
14.09263 14.06433 14.1791 3.836379 1.144082
0.8623178 11.33327 13.05715 14.09313 13.7763
12.42696 12.74389 14.14303 14.17423 4.302347
14.19856 5.521568 13.97137 12.60658 13.72448
8.59307 12.93988 11.35252 13.24603 1.623015
3.938084 5.253554 9.984066 10.17351 10.45807
6.040222 11.86581 7.325005 1.861125 5.324035
11.9976 13.47722 13.1756 14.12118 9.585056
11.30769 13.33278 2.945174 2.73943 13.03802
13.83609 8.580464 10.30754 11.54537 12.2644
9.5878 0.1466101 14.00166 13.50861 14.15411
13.66666 13.79311 0.3735679 12.21423 13.8645
6.202125 14.15154 1.926017 10.86638 10.49889
8.78896 14.15472 5.63661 3.732707 0.5263288
12.69489 7.761599 7.254312 3.082385 8.60584
10.61264 12.88829 1.223178 13.78635 4.866558
13.93516 10.97021 2.128366 2.345271 13.78732
11.69986 6.505507 8.830712 7.109679 3.323912
6.716561 11.92066 8.058823 4.708353 7.500333
12.30474 7.909914 14.17395 1.804318 7.784165
13.65079 5.973277 6.986142 12.77545 14.19531
7.619753 12.7102 13.00392 13.84732 3.137268
14.13829 12.49934 14.14969 5.894899 10.36081
4.502484 14.10217 8.573875 14.16134 12.36368
14.10994 14.09279 11.8957 1.596153 12.53497
14.02311 2.875067 13.17328 14.03177 13.87839
1.440475 3.216622 14.13147 10.37343 9.01267
6.385893 11.74695 7.152438 1.628113 1.844472
10.72253 8.931424 13.73521 5.591711 12.95984
13.98448 6.826727 5.399163 5.936059 3.332474
12.17063 14.12404 8.172517 4.210844 13.84739
14.06795 6.885816 14.07363 10.81867 11.80161
12.09778 12.60802 4.161686 11.93212 14.10818
11.38842 10.23831 14.0366 7.662626 14.14602
10.84828 14.04134 11.41054 7.103386 9.451241
1.815422 10.83192 10.34735 8.645257 10.84513
13.12149 13.93021 4.725341 1.322826 11.65023
14.18348 7.138625 14.16636 9.232693 8.019555
14.02888 13.49756 14.0338 12.70651 13.95366
5.900179 6.257367 14.07909 4.512301 10.76906
4.001207 14.17253 10.53594 4.771878 14.10655
8.410007 0.08344853 13.48446 14.19754 3.608149
12.61325 10.54415 12.7681 8.187605 13.92636
13.89136 5.889306 1.983217 0.2369851 14.04271
2.70305 14.13417 12.04004 8.911129 0.9816007
8.332037 9.730753 6.376892 3.45918 10.95046
12.42434 10.35054 8.813918 10.48566 1.643992
0.8597157 2.737119 2.100985 2.991747 3.464124
13.80873 13.90084 10.06193 0.6586373 2.164926
9.351422 2.153955 1.297202 12.90245 9.10394
1.641209 14.10045 12.14837 8.434887 2.383273
14.14991 9.428621 8.083716 8.336563 14.02558
0.8520358 13.89971 11.56535 12.81982 14.13908
12.17735 14.01934 13.54689 14.01975 7.691314
1.404484 13.64468 7.916439 9.240507 5.806762
14.0322 14.18367 10.82176 14.04982 14.11191
12.08488 10.42609 4.957958 8.063526 13.88449
5.498572 14.16483 14.16449 14.10356 12.76632
13.24551 14.06141 14.18035 9.852032 5.732984
13.92355 9.206793 3.176895 8.585534 3.450267
4.000819 14.01908 14.19013 14.13536 11.59446
8.900695 1.870759 8.883728 11.19152 8.803917
11.27066 0.6507635 0.4613582 13.89819 13.91329
2.688574 9.904486 9.263119 14.15827 11.0317
13.53988 0.321414 6.641348 7.865517 12.84744
6.815298 12.77089 10.27053 8.859328 6.207989
8.414105 5.651567 12.73211 1.758543 14.04889
11.4669 14.03896 14.02648 13.09226 13.05407
6.564391 13.96065 12.26194 7.835391 12.84265
10.47442 5.39041 12.6588 5.597603 13.96356
14.17821 14.19126 13.99809 7.223759 6.418266
10.64297 4.949372 11.38788 11.63716 13.22122
3.712373 11.53531 2.621486 13.99088 14.00612
7.414813 5.931527 11.43435 13.12377 12.68569
3.394271 10.68454 14.07946 11.8644 4.269081
12.53388 1.20521 12.65416 2.662213 11.56913
11.88809 12.87594 1.902298 13.49776 10.61905
9.740805 13.54584 12.37364 14.18696 7.269607
10.64139 5.854928 6.277392 11.08798 11.05778
3.44615 9.951707 11.74359 11.12934 14.15079
3.356943 4.96658 11.78998 11.70491 9.529671
5.710261 8.247172 9.121808 12.11744 12.20772
9.580617 13.92756 14.1806 11.53654 5.683593
6.916322 13.81748 4.052157 2.872422 8.998523
13.39658 13.97929 0.6924141 11.49281 8.55841
11.2277 0.18274 7.748247 1.328922 14.12975
13.99373 9.471648 6.394736 9.96741 13.92832
14.17937 0.2559194 13.25088 12.03742 10.04106
11.62095 12.73449 6.349765 2.28277 3.859926
7.560097 13.89353 11.88775 14.12078 7.523273
14.05722 4.291397 13.42279 13.24407 7.399344
12.70003 14.1909 2.349157 6.908586 13.23279
14.16566 9.631165 14.10763 13.70203 7.196622
14.13104 10.16389 3.719566 13.94014 10.19318
14.1611 9.542265 9.321667 13.80238 7.74135
6.174942 13.96978 14.0294 6.690535 12.92105
4.478319 14.16555 11.25578 10.15667 13.99037
7.286247 6.872521 14.08709 14.03676 11.92491
13.97643 14.18885 12.4827 13.96241 0.5696953
13.88833 14.16096 1.231771 14.08734 9.820627
12.90448 14.12682 0.4966819 10.24688 2.645529
14.19132 13.98699 5.729686 14.16507 2.759053
7.942624 7.83563 1.61404 8.741558 13.92291
14.13038 14.11662 13.90565 13.03147 14.17661
9.036793 14.00552 1.592333 13.99246 13.8449
14.00135 12.57262 10.80449 11.89764 10.37121
11.98235 1.319938 5.021286 13.99206 11.65617
6.648881 10.69728 13.87879 6.471245 10.85864
8.191075 3.6411 8.808766 12.36352 13.91904
1.421249 6.610272 13.93043 11.89059 11.11968
9.368464 13.7808 0.7379318 7.645329 14.14583
12.96458 14.01101 13.2269 9.725853 13.13328
9.149369 10.1296 14.0965 5.331435 5.576066
8.497249 10.18166 8.169693 10.26111 10.21736
11.19786 14.03788 8.807791 13.09819 13.64552
4.244706 10.09436 0.7429538 9.428528 14.17561
3.562017 9.299533 13.9263 6.895199 1.060915
11.57551 14.19576 9.096913 14.1096 14.14255
8.419607 5.974105 14.11575 11.32188 6.315662
11.87084 13.60036 14.01716 1.347358 12.88332
14.00169 6.003251 2.297512 0.02344822 2.504321
0.2649734 12.817 0.349407 6.447606 5.100462
13.86109 8.230405 8.390971 0.04406198 10.95339
13.06945 9.783296 13.80736 4.46104 11.73735
9.763081 13.83344 13.41101 11.09111 0.3395887
14.15766 13.34814 10.94148 0.3163268 8.336445
13.63305 9.835012 8.255758 2.812792 13.7148
13.22279 13.34295 12.08627 11.68611 11.53474
7.744723 14.08127 14.02288 8.316071 12.75189
10.57083 6.846708 2.361553 5.930841 8.906716
10.24217 8.982498 14.10076 14.17496 9.466831
14.00607 11.70676 5.475481 3.714697 12.18876
10.57588 11.55995 12.38259 4.648234 8.16249
12.13451 1.421493 10.1733 0.2515959 7.563008
13.42257 10.50252 12.33316 8.228587 14.01742
2.403287 13.44761 6.831569 7.996278 9.890388
9.345385 13.72289 12.91499 11.33541 6.247066
2.690625 0.1558942 11.44029 14.09208 14.0533
13.93289 8.675612 9.058543 14.03329 14.13645
12.65313 11.44571 10.68089 11.56546 13.2084
0.4058347 3.766065 2.870067 10.79661 14.05681
9.068008 14.00946 13.33995 12.77503 14.15219
12.91464 14.19072 10.10016 7.868854 14.18393
14.02457 4.745223 14.0034 14.18015 13.35474
8.546066 5.359396 9.112866 14.15729 14.19044
14.18719 8.725575 8.899496 9.17319 14.14586
14.11606 7.704997 13.73248 14.09405 12.10971
13.96271 9.884243 14.17863 7.538983 8.194167
8.129788 0.2093161 7.727823 10.85336 9.518648
5.206779 8.412524 14.1943 14.04763 12.02011
4.011585 12.35168 11.4042 10.56312 1.34094
5.563907 14.18516 14.16416 12.59267 9.323187
11.9919 13.59525 9.889943 7.741506 14.00724
2.568252 14.17625 13.94679 12.56921 13.50615
14.17974 14.06135 14.14357 10.21312 10.11427
14.18278 10.56245 8.212415 14.13391 14.19729
13.93183 9.337724 11.16405 10.63888 9.627198
8.097218 9.50863 8.220184 11.34267 11.35091
13.60579 1.890509 11.14855 14.18008 13.40274
14.10002 13.8656 5.582337 2.28129 10.80216
2.121226 0.005064024 7.327259 0.05199681 8.15855
6.662744 13.23661 4.710213 5.164756 9.698955
6.20936 14.17779 14.0326 10.19694 5.767983
14.09986 14.14737 14.17296 14.04517 14.05527
12.8108 14.16446 13.9765 14.19745 14.19125
14.14278 8.336555 9.97181 6.275253 3.452941
4.798646 4.066571 5.732646 3.810993 5.579722
14.19576 0.4745198 11.7801 7.132142 9.79146
12.98162 7.980998 4.489441 11.4713 5.527637
3.33604 9.26336 11.23508 14.09706 14.05482
14.18094 6.85809 14.02833 10.93286 5.869569
8.417599 9.882104 0.4059976 13.4844 3.019521
14.14664 14.09593 13.64783 4.542991 6.714065
13.62785 12.2993 4.50471 5.740408 14.00466
10.85638 14.17179 13.86063 14.07388 4.644727
11.43283 2.128853 6.570397 13.47757 14.18231
7.942898 3.436115 5.765486 5.762508 14.1497
13.05507 10.22326 7.083422 9.264923 0.8963926
2.234395 12.73697 12.73839 6.986263 8.549905
8.462974 14.01584 12.29157 11.0626 10.51749
9.292315 0.7306773 3.501453 9.497331 5.272321
13.46643 1.910561 13.99581 14.19525 0.2800887
14.17138 10.15338 14.19712 14.02672 3.610919
2.555951 13.99426 3.84515 9.619634 0.4489451
2.403336 14.12522 2.710829 13.86782 4.283159
13.93459 14.04 5.023196 7.235723 11.36205
9.965449 3.761875 11.52362 13.68556 3.893857
10.54958 14.10885 10.37528 12.00959 9.250323
13.43135 0.5563763 1.425828 3.632538 11.86535
1.532583 14.10628 11.19681 13.72298 4.558711
2.876153 10.40456 8.427133 6.080176 13.89202
14.11997 14.03188 3.540384 11.62636 13.50396
10.46875 13.81701 1.694951 6.003101 6.907988
3.874672 10.00642 14.13827 13.77974 13.39031
14.12598 14.03587 8.814401 12.55666 11.11686
14.18989 13.91646 13.96025 5.540296 12.11135
13.83373 0.5390773 8.550596 5.057453 12.3432
1.487766 14.13198 7.580588 13.79579 9.231773
8.821221 14.05491 4.688016 14.19744 2.510215
3.689365 2.444201 14.13367 10.61342 13.3363
12.41504 9.919962 8.70448 14.00118 13.97742
4.883922 4.259655 11.77407 14.16348 11.91753
13.76976 9.631266 6.949456 14.05724 14.08112
11.93568 8.29435 13.13893 14.08912 11.70152
8.814088 3.642527 13.17088 5.451733 13.98674
5.05832 13.27086 8.836645 13.8654 11.39835
11.69687 7.884649 7.840442 14.19708 11.05415
8.327898 10.2642 9.567266 14.17031 13.79669
12.68675 4.937645 10.72605 13.99809 13.46004
9.25072 8.201589 13.57563 13.96412 14.18749
13.16728 11.86767 9.982139 6.737189 5.602765
2.8005 14.15549 14.19357 3.996477 10.46339
13.90859 11.36155 14.11222 14.00614 13.7005
1.66198 1.126408 11.82495 11.26324 6.148322
4.282463 12.77409 5.142602 5.890109 10.62627
14.12452 11.52362 13.87316 10.05606 4.564081
14.18205 5.044512 13.85128 9.975569 13.69
3.854529 1.585487 5.739525 14.1702 13.69331
1.784708 3.173765 14.18599 8.171266 13.91091
14.10135 9.908588 13.98462 4.330521 12.85301
11.09498 4.586147 14.04525 14.10683 4.425321
2.767288 0.6495694 11.36819 13.8721 10.7981
5.307591 1.025505 10.92679 9.23095 13.90536
14.1703 14.18899 13.77032 7.417828 11.01927
7.991641 8.991051 13.88825 3.505491 11.3732
14.01443 5.673108 13.23098 9.515306 9.019731
7.959703 6.253756 6.897839 14.19636 14.08593
12.06886 13.2934 14.19869 7.566673 0.004580304
14.18192 5.721395 7.52651 11.23387 14.18577
4.775387 13.43398 5.054017 3.14811 7.963937
4.417805 13.29052 13.47094 13.87302 14.19116
12.22109 9.790444 0.1109318 1.815428 14.09063
11.07749 5.7288 6.727904 12.10213 7.976019
11.70415 5.029078 10.74715 8.419219 14.10599
11.60799 5.42842 11.3252 11.38561 6.208247
12.9761 14.06207 7.236939 4.951474 13.58818
14.04648 11.59583 14.04863 8.517229 6.616162
5.85323 10.90381 2.389811 0.03835938 0.8800976
5.2946 1.623956 11.82242 13.69571 8.120234
7.535227 4.624438 13.68119 14.19887 10.1203
14.08641 14.1446 9.107142 14.06716 9.012809
13.68614 14.10094 9.08373 7.509916 13.99303
12.37027 11.80422 13.27868 6.171653 6.899752
8.655232 2.85771 4.036538 4.9518 14.18918
9.459913 12.03992 14.16038 14.09543 5.681263
9.620642 14.08443 13.34666 12.43098 4.349696
14.16912 14.1786 8.008758 14.16709 8.579049
11.30764 5.724623 7.249507 2.999763 2.189141
13.80628 14.1098 8.854131 6.593746 9.560689
13.64162 10.32582 1.727299 11.93137 8.863104
11.30447 13.90275 14.19563 14.0284 8.567865
14.07122 13.98417 14.02113 12.22329 14.17486
13.37002 6.364455 10.57908 14.15169 13.26878
2.697778 10.80838 6.957207 13.04835 7.264176
13.36271 14.12654 5.240422 11.66867 10.08438
10.02314 1.931666 9.075692 7.884693 14.18306
14.01633 12.41838 8.819144 10.58677 14.07704
13.7259 6.693905 12.51236 2.459445 13.85377
5.146717 13.98921 9.800099 8.442328 12.94756
9.41075 1.49629 6.886669 6.675775 14.10951
12.82103 2.076209 9.288819 13.49714 9.579064
11.84406 5.230722 14.09561 9.112835 5.682799
9.815794 7.51148 13.51261 3.937913 14.15443
8.215416 10.87238 14.19205 10.52478 14.17151
10.86551 12.30279 13.16501 13.78488 14.15215
13.57721 11.87281 13.85776 13.68971 13.97945
9.573987 12.9532 6.952796 6.613681 9.044991
14.06334 13.26239 14.19514 14.00119 13.59681
5.927097 11.86045 11.1183 7.655256 14.19214
8.318066 14.16703 13.05703 8.331783 14.08086
11.0794 14.19112 11.3312 12.08754 7.802946
7.933527 14.1573 14.08237 12.98521 3.756367
13.72576 13.63494 9.051284 11.64917 13.91119
4.439824 14.15806 0.846489 11.31183 14.17218
5.448468 6.762641 5.746126 13.55247 12.22103
4.470704 4.712605 13.67385 13.1429 9.52822
7.938086 10.58824 12.01207 12.07815 1.77457
0.5275481 14.07568 9.524568 10.60448 13.7384
14.14044 13.01108 13.31151 8.279466 14.17891
14.07918 10.14649 5.803382 11.2858 14.02833
14.00082 2.983667 11.86117 6.879865 14.14772
14.09302 8.573276 12.65167 9.632743 10.71901
13.92593 13.92901 10.1653 12.96632 14.12921
14.0933 12.68108 13.99144 14.0351 13.10519
3.920423 4.987193 13.97998 0.7271543 8.841813
2.380802 14.16562 14.04283 3.240713 5.653594
7.006622 11.94299 1.172085 2.47693 0.1160553
9.679754 10.09626 7.947858 14.12569 4.199896
6.15852 13.06918 14.19695 13.94614 14.06563
11.84443 2.050903 14.01051 12.58727 14.16648
12.85636 13.84918 13.57331 9.023735 8.854342
8.832335 14.00887 14.04265 11.97723 7.873253
14.12109 0.9845954 14.15201 8.823193 14.1745
13.00939 12.53165 14.05254 13.83467 14.07704
10.26269 9.319768 11.85864 1.304574 3.21527
13.36608 6.143931 5.190962 13.60774 4.552045
11.89994 5.048156 5.186304 14.04826 13.93423
2.216931 14.19733 13.31056 10.91833 14.14629
13.36354 13.84193 14.15305 8.023148 13.88954
6.997977 14.16773 5.617905 14.18711 8.789824
12.76367 13.59553 14.05498 13.94408 13.95151
0.22327 14.11048 12.40148 13.94526 14.12667
1.127564 4.188288 12.46859 14.18072 14.14574
13.36004 14.08638 13.29609 14.15123 14.16851
13.82558 2.041969 12.76468 13.00596 13.49674
11.90326 14.18339 13.83201 14.18984 13.90396
10.13694 5.602474 13.85929 11.69782 10.27409
11.63703 11.36941 12.9944 12.64986 13.69193
12.96393 7.235725 10.86127 8.989212 9.384706
14.19742 1.245194 13.99388 13.12431 14.16711
14.17797 14.11252 13.29027 11.19361 14.0528
8.420153 12.26576 13.06193 4.068912 14.08027
6.603786 3.99063 4.731501 11.72325 12.76348
14.14115 14.16621 11.07899 9.20665 13.94253
8.567975 3.039369 1.051884 13.15782 12.06717
0.5247117 13.99694 12.6277 14.16464 14.10869
2.247538 13.91948 14.09978 13.26512 7.261655
14.11428 1.45732 14.1271 6.822261 0.5594701
7.333435 11.68115 5.58138 11.9034 10.21574
14.12817 11.89755 0.1003932 7.04091 8.002607
10.81178 7.182854 9.337907 13.17761 13.96857
13.46059 13.84464 10.97901 13.56741 5.178713
13.11485 8.758902 14.16727 7.93073 14.13377
11.21306 10.57563 1.998904 13.85395 11.08879
8.601198 10.55766 8.330767 6.846167 3.869586
13.85656 12.35657 14.17601 13.76732 10.465
1.346248 7.928302 10.26725 13.97053 10.45092
9.656899 10.50848 14.08554 9.488766 11.19901
12.85533 1.064804 11.42269 14.05034 14.19705
1.546106 8.137243 13.41919 14.19885 1.278925
12.54183 7.699892 13.26814 9.40784 8.874636
14.02989 4.217186 9.239277 2.518446 6.52072
5.838977 14.03208 12.94441 5.056853 5.850561
10.00595 11.14263 7.425908 0.2732452 14.16888
4.406267 11.42665 12.90038 5.112669 12.5908
7.842001 6.387891 13.97653 12.89816 14.00692
5.678817 0.08681601 7.346143 11.71507 14.06648
13.51485 11.83502 13.89461 10.13788 9.913165
14.10172 14.09953 11.56353 12.97984 9.892342
14.0954 11.05818 4.545336 6.565139 4.799939
12.34628 9.528053 14.12472 10.99057 13.06269
12.8706 13.12138 10.81542 14.15945 8.669781
14.19627 6.735828 0.6723557 8.697393 10.67892
3.08645 14.1284 11.98041 13.20265 2.686237
10.10231 4.759297 13.09962 13.96555 14.02698
7.732183 14.06145 9.426169 7.686496 0.4097648
5.158123 11.23856 13.48876 12.26474 14.13903
0.7764751 8.234452 14.18446 2.68937 13.81879
11.42948 10.64934 5.910701 12.38898 9.813008
14.05899 9.521571 4.47536 6.099701 13.75092
14.18496 5.955348 14.18371 12.41425 3.559736
12.26706 14.18101 14.17888 13.73294 13.83885
14.19051 13.83535 14.18416 1.328728 10.56623
13.96061 5.752613 6.638345 6.652169 10.4554
14.14394 7.141306 7.861068 9.521183 9.549802
6.14737 12.42923 14.1784 13.80618 9.468361
12.42586 13.821 10.3338 13.22614 13.17107
10.93483 3.394088 10.49371 9.441493 1.588604
7.659132 7.503097 4.106067 3.171936 8.097105
1.010419 10.83413 12.31037 5.556284 14.10735
13.33793 3.799463 8.808999 13.13186 2.810062
13.69463 7.398208 13.24024 14.19187 7.938883
13.99722 14.07432 12.93062 12.05993 6.988584
10.5792 0.5799402 12.73332 13.51308 2.432715
14.02861 14.16486 14.12108 2.863126 4.836588
13.71365 14.17997 13.13933 2.433913 10.7317
5.963776 8.236768 10.16104 14.0741 12.75318
3.369632 8.437862 9.788928 8.979164 10.45487
7.10969 1.61568 13.94526 6.433073 10.02168
14.03306 9.254913 4.608151 13.77935 12.67232
14.03654 12.97648 1.827607 12.68237 14.15767
13.60464 2.758409 0.9892597 12.23697 11.58418
14.19643 7.469743 11.51773 14.08562 5.582907
7.657868 14.15935 11.08898 9.476081 14.11202
3.809691 1.178109 9.138896 8.163076 14.10139
5.547557 8.302302 14.17689 14.14201 14.1619
14.07827 14.06128 9.526902 14.17258 3.253039
7.226918 10.43311 9.893637 8.775323 4.682375
4.576713 14.13733 5.235407 9.910833 2.06588
14.14009 13.82278 12.99109 1.838309 13.99548
0.1214305 9.06159 13.20743 14.17652 13.15325
13.84602 7.820411 14.03355 4.876831 1.944582
6.355943 12.16297 9.74454 14.17042 12.0532
12.62496 8.180321 8.930963 3.939522 1.289156
14.12812 14.15556 7.67191 14.07426 14.17717
13.33671 14.16411 7.533842 1.075312 10.81843
8.784896 7.871658 10.78386 13.52662 14.10414
4.077167 7.345645 4.959004 10.195 14.05601
14.024 8.927754 0.3021978 14.17146 10.77563
12.38639 13.72385 11.32634 13.7856 14.1684
1.354972 14.12868 3.211436 14.10731 14.1983
13.78328 5.3637 2.285528 7.730864 8.553763
13.94299 13.81937 11.30285 11.80094 14.17173
2.512097 14.1565 14.02992 13.78281 14.09004
11.22032 9.584555 5.078125 10.5923 14.08745
10.19336 14.16904 11.77987 12.33492 9.825697
11.97434 6.981532 13.8538 13.92845 14.19709
14.14482 14.11559 14.07158 3.344474 11.58528
14.08578 13.51337 14.15809 2.639144 3.627322
4.546456 14.15606 14.15401 14.01892 13.9415
14.06441 3.599025 7.016137 4.31708 10.19183
10.27052 14.14178 7.208246 5.373066 11.34621
14.19417 14.05196 2.723214 14.18247 12.92637
5.539699 10.32866 12.58105 13.65093 13.85782
11.79201 12.36726 12.7789 12.57235 9.324319
14.08578 3.164495 2.710647 10.31594 9.147344
12.51755 14.10369 7.729849 2.136096 3.892036
2.179274 13.56676 7.989787 3.736293 14.14411
14.07983 8.629436 8.816192 14.1892 13.46728
10.51704 14.02907 14.07526 11.97335 2.380925
2.203578 13.94235 13.98359 14.13234 11.9179
14.13645 8.562995 14.03679 11.44826 3.944415
10.6074 1.866769 13.35795 6.995924 14.0796
14.12779 1.976458 7.656983 10.18606 6.458834
5.073182 11.86795 10.09449 5.337405 14.16432
4.742379 9.041448 14.15473 7.684966 14.19804
8.818183 4.659771 14.06838 13.98036 6.766611
7.52803 11.96156 13.21522 10.44416 14.09712
11.31218 11.15574 3.078408 14.03101 1.760466
3.062962 14.11252 13.97217 1.506723 14.15976
14.1212 6.428805 14.13675 12.80068 13.23679
9.283438 4.774746 13.7258 14.01634 14.10963
6.369158 13.95586 3.376144 8.559876 12.50372
13.76932 10.55937 0.2263425 5.982894 14.05543
8.575456 14.01656 1.146032 13.97452 8.071794
10.26848 9.148752 12.92328 10.15322 0.06661941
14.06517 5.236198 4.662253 11.40387 5.075112
9.913157 9.817097 12.25156 8.84531 13.10689
14.14208 14.1824 13.73739 5.731422 6.839749
14.11062 11.65817 6.996788 2.579232 14.19202
7.657954 12.13048 6.811999 4.029741 13.80765
9.103888 13.9438 14.06091 9.146495 14.04917
11.11712 0.6059545 5.630657 1.767842 8.355361
2.771125 10.40932 13.7884 10.08322 13.42025
14.15824 14.18095 14.15621 9.434921 5.649178
14.08929 14.13419 14.15433 10.27137 14.19535
7.802083 8.427818 13.46535 14.0772 0.5895037
7.534596 2.109757 0.8737582 11.75014 14.05765
9.128501 2.032418 2.260753 14.16126 14.19719
5.388837 13.82833 6.23234 8.700549 3.597486
7.535494 9.098366 7.204233 13.86082 12.3015
0.7642137 12.58116 10.67445 7.920847 6.716124
12.20707 7.464284 13.06324 14.18242 11.41541
13.44144 14.00019 14.16532 11.19352 13.98341
7.641237 3.811287 14.14504 14.14436 12.33114
9.786981 10.79726 11.61942 1.745546 2.030655
0.4348978 13.75761 6.999521 2.362495 10.74908
12.13353 11.92176 9.911345 10.55852 13.93886
11.08897 11.46662 12.95438 14.02773 3.601458
3.579147 11.68993 13.91255 11.32986 12.12029
3.985478 7.751604 1.991795 10.97497 4.251358
14.08091 14.16237 14.01726 9.311827 13.28088
14.02272 12.91882 8.62121 12.14687 14.17083
12.10883 5.405582 1.259764 0.04901995 5.229057
8.429764 14.01414 2.514612 13.1345 13.30362
7.339164 14.02618 13.96835 12.2858 13.1588
4.696552 10.61401 10.46771 8.907408 10.23987
6.048072 11.67332 14.14085 3.925328 11.12219
12.86159 5.234029 13.86987 1.582002 10.00031
14.13792 7.753203 12.06944 13.39845 14.16658
13.02867 2.424013 11.34155 12.68461 4.829346
10.58505 11.69527 11.0324 14.19566 14.18159
7.1385 11.1146 6.572732
